C:\Users\Joel-Desktop\PycharmProjects\ANN_derivatives_TO\ANN_derivatives_TO\venv\Scripts\python.exe "C:/Program Files/JetBrains/PyCharm 2022.2.3/plugins/python/helpers/pydev/pydevconsole.py" --mode=client --host=127.0.0.1 --port=52004 
import sys; print('Python %s on %s' % (sys.version, sys.platform))
sys.path.extend(['C:\\Users\\Joel-Desktop\\PycharmProjects\\ANN_derivatives_TO\\ANN_derivatives_TO'])
Python 3.9.13 (tags/v3.9.13:6de2ca5, May 17 2022, 16:36:42) [MSC v.1929 64 bit (AMD64)]
Type 'copyright', 'credits' or 'license' for more information
IPython 8.14.0 -- An enhanced Interactive Python. Type '?' for help.
PyDev console: using IPython 8.14.0
Python 3.9.13 (tags/v3.9.13:6de2ca5, May 17 2022, 16:36:42) [MSC v.1929 64 bit (AMD64)] on win32
runfile('C:\\Users\\Joel-Desktop\\PycharmProjects\\ANN_derivatives_TO\\ANN_derivatives_TO\\Run_SIMPTO_ANN.py', wdir='C:\\Users\\Joel-Desktop\\PycharmProjects\\ANN_derivatives_TO\\ANN_derivatives_TO')
| niter |f evals|CG iter|  obj func   |tr radius |   opt    |  c viol  | penalty  |barrier param|CG stop|
|-------|-------|-------|-------------|----------|----------|----------|----------|-------------|-------|
|   1   |   1   |   0   | +3.5760e+02 | 1.00e+00 | 4.43e+00 | 0.00e+00 | 1.00e+00 |  1.00e-01   |   0   |
C:\Users\Joel-Desktop\PycharmProjects\ANN_derivatives_TO\ANN_derivatives_TO\venv\lib\site-packages\scipy\optimize\_hessian_update_strategy.py:182: UserWarning: delta_grad == 0.0. Check if the approximated function is linear. If the function is linear better results can be obtained by defining the Hessian as zero instead of using quasi-Newton approximations.
  warn('delta_grad == 0.0. Check if the approximated '
|   2   |   2   |   1   | +3.2413e+02 | 7.00e+00 | 1.56e+00 | 0.00e+00 | 1.00e+00 |  1.00e-01   |   2   |
|   3   |   3   |   3   | +2.8790e+02 | 1.39e+01 | 4.82e-01 | 5.55e-17 | 1.00e+00 |  1.00e-01   |   4   |
|   4   |   4   |   6   | +2.4156e+02 | 2.91e+01 | 1.80e-01 | 0.00e+00 | 1.00e+00 |  1.00e-01   |   4   |
|   5   |   5   |  21   | +2.1853e+02 | 2.91e+01 | 1.18e-01 | 0.00e+00 | 1.00e+00 |  1.00e-01   |   4   |
|   6   |   6   |  46   | +2.1853e+02 | 2.91e+00 | 1.18e-01 | 0.00e+00 | 1.00e+00 |  1.00e-01   |   2   |
|   7   |   7   |  49   | +2.0394e+02 | 2.03e+01 | 9.47e-02 | 0.00e+00 | 1.00e+00 |  1.00e-01   |   2   |
|   8   |   8   |  77   | +1.8787e+02 | 1.42e+02 | 7.52e-02 | 1.11e-16 | 1.00e+00 |  1.00e-01   |   2   |
|   9   |   9   |  105  | +1.8247e+02 | 1.42e+02 | 7.25e-02 | 0.00e+00 | 1.00e+00 |  1.00e-01   |   4   |
|  10   |  11   |  158  | +1.8247e+02 | 1.42e+01 | 7.25e-02 | 0.00e+00 | 1.00e+00 |  1.00e-01   |   2   |
|  11   |  12   |  187  | +1.8247e+02 | 1.42e+00 | 7.25e-02 | 0.00e+00 | 1.00e+00 |  1.00e-01   |   2   |
|  12   |  13   |  193  | +1.7907e+02 | 9.97e+00 | 6.37e-02 | 0.00e+00 | 1.00e+00 |  1.00e-01   |   2   |
|  13   |  14   |  225  | +1.7439e+02 | 6.98e+01 | 4.11e-02 | 2.78e-16 | 1.00e+00 |  1.00e-01   |   2   |
|  14   |  15   |  281  | +1.7050e+02 | 1.36e+02 | 3.92e-02 | 1.67e-16 | 1.00e+00 |  1.00e-01   |   4   |
|  15   |  16   |  306  | +1.6928e+02 | 1.36e+02 | 4.51e-02 | 1.11e-16 | 1.00e+00 |  1.00e-01   |   4   |
|  16   |  17   |  323  | +1.6730e+02 | 1.36e+02 | 3.57e-02 | 1.67e-16 | 1.00e+00 |  1.00e-01   |   4   |
|  17   |  18   |  342  | +1.6557e+02 | 1.36e+02 | 3.01e-02 | 1.11e-16 | 1.00e+00 |  1.00e-01   |   4   |
|  18   |  19   |  361  | +1.6484e+02 | 1.36e+02 | 3.70e-02 | 2.78e-16 | 1.00e+00 |  1.00e-01   |   4   |
|  19   |  20   |  388  | +1.6444e+02 | 1.36e+02 | 2.93e-02 | 3.89e-16 | 1.00e+00 |  1.00e-01   |   4   |
|  20   |  21   |  407  | +1.6322e+02 | 1.36e+02 | 1.86e-02 | 2.78e-16 | 1.00e+00 |  1.00e-01   |   4   |
|  21   |  21   |  407  | +1.6322e+02 | 6.79e+02 | 2.43e-02 | 2.78e-16 | 1.00e+00 |  2.00e-02   |   0   |
|  22   |  22   |  433  | +1.5332e+02 | 6.79e+02 | 2.47e-02 | 3.33e-16 | 1.00e+00 |  2.00e-02   |   4   |
|  23   |  23   |  475  | +1.4837e+02 | 6.79e+02 | 2.68e-02 | 4.44e-16 | 1.00e+00 |  2.00e-02   |   4   |
|  24   |  24   |  820  | +1.4685e+02 | 6.79e+02 | 2.78e-02 | 3.89e-16 | 1.00e+00 |  2.00e-02   |   4   |
|  25   |  25   |  857  | +1.4472e+02 | 6.79e+02 | 2.79e-02 | 3.89e-16 | 1.00e+00 |  2.00e-02   |   4   |
|  26   |  26   |  896  | +1.4381e+02 | 6.79e+02 | 2.70e-02 | 5.00e-16 | 1.00e+00 |  2.00e-02   |   4   |
|  27   |  27   |  955  | +1.4276e+02 | 6.79e+02 | 2.55e-02 | 3.89e-16 | 1.00e+00 |  2.00e-02   |   4   |
|  28   |  28   | 1161  | +1.4232e+02 | 6.79e+02 | 2.38e-02 | 6.11e-16 | 1.00e+00 |  2.00e-02   |   4   |
|  29   |  29   | 1361  | +1.4157e+02 | 6.79e+02 | 2.24e-02 | 7.77e-16 | 1.00e+00 |  2.00e-02   |   4   |
|  30   |  30   | 1396  | +1.4024e+02 | 6.79e+02 | 2.01e-02 | 9.44e-16 | 1.00e+00 |  2.00e-02   |   4   |
|  31   |  31   | 1437  | +1.3934e+02 | 6.79e+02 | 2.35e-02 | 7.77e-16 | 1.00e+00 |  2.00e-02   |   4   |
|  32   |  32   | 1486  | +1.3838e+02 | 6.79e+02 | 4.73e-02 | 8.33e-16 | 1.00e+00 |  2.00e-02   |   4   |
|  33   |  33   | 1539  | +1.3735e+02 | 6.79e+02 | 6.15e-02 | 8.88e-16 | 1.00e+00 |  2.00e-02   |   4   |
|  34   |  34   | 1578  | +1.3638e+02 | 6.79e+02 | 4.18e-02 | 8.33e-16 | 1.00e+00 |  2.00e-02   |   4   |
|  35   |  35   | 1616  | +1.3555e+02 | 6.79e+02 | 1.46e-02 | 7.22e-16 | 1.00e+00 |  2.00e-02   |   4   |
|  36   |  36   | 1773  | +1.3471e+02 | 6.79e+02 | 1.39e-02 | 8.33e-16 | 1.00e+00 |  2.00e-02   |   4   |
|  37   |  37   | 1925  | +1.3403e+02 | 6.79e+02 | 1.30e-02 | 3.33e-16 | 1.00e+00 |  2.00e-02   |   4   |
|  38   |  38   | 1960  | +1.3348e+02 | 6.79e+02 | 1.24e-02 | 3.89e-16 | 1.00e+00 |  2.00e-02   |   4   |
|  39   |  39   | 2014  | +1.3264e+02 | 6.79e+02 | 1.23e-02 | 4.44e-16 | 1.00e+00 |  2.00e-02   |   4   |
|  40   |  40   | 2060  | +1.3178e+02 | 6.79e+02 | 1.38e-02 | 4.44e-16 | 1.00e+00 |  2.00e-02   |   4   |
|  41   |  41   | 2105  | +1.3109e+02 | 6.79e+02 | 1.45e-02 | 5.00e-16 | 1.00e+00 |  2.00e-02   |   4   |
|  42   |  42   | 2151  | +1.3017e+02 | 6.79e+02 | 1.41e-02 | 5.00e-16 | 1.00e+00 |  2.00e-02   |   4   |
|  43   |  43   | 2192  | +1.2947e+02 | 6.79e+02 | 1.35e-02 | 3.89e-16 | 1.00e+00 |  2.00e-02   |   4   |
|  44   |  44   | 2231  | +1.2915e+02 | 6.79e+02 | 1.39e-02 | 4.44e-16 | 1.00e+00 |  2.00e-02   |   4   |
|  45   |  45   | 2269  | +1.2857e+02 | 6.79e+02 | 1.49e-02 | 6.11e-16 | 1.00e+00 |  2.00e-02   |   4   |
|  46   |  46   | 2307  | +1.2774e+02 | 6.79e+02 | 1.50e-02 | 7.22e-16 | 1.00e+00 |  2.00e-02   |   4   |
|  47   |  47   | 2345  | +1.2713e+02 | 6.79e+02 | 1.37e-02 | 5.55e-16 | 1.00e+00 |  2.00e-02   |   4   |
|  48   |  48   | 2380  | +1.2668e+02 | 6.79e+02 | 1.18e-02 | 5.55e-16 | 1.00e+00 |  2.00e-02   |   4   |
|  49   |  49   | 2420  | +1.2644e+02 | 6.79e+02 | 1.10e-02 | 6.11e-16 | 1.00e+00 |  2.00e-02   |   4   |
|  50   |  50   | 2458  | +1.2569e+02 | 6.79e+02 | 1.02e-02 | 6.11e-16 | 1.00e+00 |  2.00e-02   |   4   |
|  51   |  51   | 2488  | +1.2521e+02 | 6.79e+02 | 9.65e-03 | 6.11e-16 | 1.00e+00 |  2.00e-02   |   4   |
|  52   |  52   | 2529  | +1.2497e+02 | 6.79e+02 | 8.37e-03 | 6.11e-16 | 1.00e+00 |  2.00e-02   |   4   |
|  53   |  53   | 2570  | +1.2438e+02 | 6.79e+02 | 7.82e-03 | 8.33e-16 | 1.00e+00 |  2.00e-02   |   4   |
|  54   |  54   | 2604  | +1.2396e+02 | 6.79e+02 | 7.83e-03 | 6.11e-16 | 1.00e+00 |  2.00e-02   |   4   |
|  55   |  55   | 2638  | +1.2329e+02 | 6.79e+02 | 7.76e-03 | 6.11e-16 | 1.00e+00 |  2.00e-02   |   4   |
|  56   |  56   | 2669  | +1.2289e+02 | 6.79e+02 | 8.09e-03 | 7.77e-16 | 1.00e+00 |  2.00e-02   |   4   |
|  57   |  57   | 2706  | +1.2257e+02 | 6.79e+02 | 8.93e-03 | 6.11e-16 | 1.00e+00 |  2.00e-02   |   4   |
|  58   |  58   | 2734  | +1.2215e+02 | 6.79e+02 | 9.60e-03 | 5.55e-16 | 1.00e+00 |  2.00e-02   |   4   |
|  59   |  59   | 2769  | +1.2175e+02 | 6.79e+02 | 1.02e-02 | 7.22e-16 | 1.00e+00 |  2.00e-02   |   4   |
|  60   |  60   | 2801  | +1.2138e+02 | 6.79e+02 | 1.07e-02 | 7.22e-16 | 1.00e+00 |  2.00e-02   |   4   |
|  61   |  61   | 2840  | +1.2119e+02 | 6.79e+02 | 1.15e-02 | 8.33e-16 | 1.00e+00 |  2.00e-02   |   4   |
|  62   |  62   | 2869  | +1.2122e+02 | 6.79e+02 | 1.21e-02 | 7.77e-16 | 1.00e+00 |  2.00e-02   |   4   |
|  63   |  63   | 2903  | +1.2078e+02 | 6.79e+02 | 1.25e-02 | 6.11e-16 | 1.00e+00 |  2.00e-02   |   4   |
|  64   |  64   | 2932  | +1.2015e+02 | 6.79e+02 | 1.27e-02 | 7.77e-16 | 1.00e+00 |  2.00e-02   |   4   |
|  65   |  65   | 2962  | +1.1968e+02 | 6.79e+02 | 1.30e-02 | 7.22e-16 | 1.00e+00 |  2.00e-02   |   4   |
|  66   |  66   | 2997  | +1.1964e+02 | 6.79e+02 | 1.35e-02 | 7.77e-16 | 1.00e+00 |  2.00e-02   |   4   |
|  67   |  67   | 3028  | +1.1947e+02 | 6.79e+02 | 1.44e-02 | 7.22e-16 | 1.00e+00 |  2.00e-02   |   4   |
|  68   |  68   | 3059  | +1.1918e+02 | 6.79e+02 | 1.50e-02 | 7.22e-16 | 1.00e+00 |  2.00e-02   |   4   |
|  69   |  69   | 3088  | +1.1893e+02 | 6.79e+02 | 1.56e-02 | 7.22e-16 | 1.00e+00 |  2.00e-02   |   4   |
|  70   |  70   | 3117  | +1.1880e+02 | 6.79e+02 | 1.61e-02 | 8.33e-16 | 1.00e+00 |  2.00e-02   |   4   |
|  71   |  71   | 3146  | +1.1859e+02 | 6.79e+02 | 1.71e-02 | 7.22e-16 | 1.00e+00 |  2.00e-02   |   4   |
|  72   |  72   | 3174  | +1.1832e+02 | 6.79e+02 | 1.78e-02 | 8.33e-16 | 1.00e+00 |  2.00e-02   |   4   |
|  73   |  73   | 3199  | +1.1818e+02 | 6.79e+02 | 1.82e-02 | 6.11e-16 | 1.00e+00 |  2.00e-02   |   4   |
|  74   |  74   | 3227  | +1.1807e+02 | 6.79e+02 | 1.87e-02 | 7.22e-16 | 1.00e+00 |  2.00e-02   |   4   |
|  75   |  75   | 3258  | +1.1796e+02 | 6.79e+02 | 1.94e-02 | 5.55e-16 | 1.00e+00 |  2.00e-02   |   4   |
|  76   |  76   | 3285  | +1.1781e+02 | 6.79e+02 | 2.03e-02 | 7.22e-16 | 1.00e+00 |  2.00e-02   |   4   |
|  77   |  77   | 3312  | +1.1774e+02 | 6.79e+02 | 2.09e-02 | 7.22e-16 | 1.00e+00 |  2.00e-02   |   4   |
|  78   |  78   | 3344  | +1.1764e+02 | 6.79e+02 | 2.17e-02 | 7.77e-16 | 1.00e+00 |  2.00e-02   |   4   |
|  79   |  79   | 3369  | +1.1747e+02 | 6.79e+02 | 2.22e-02 | 6.11e-16 | 1.00e+00 |  2.00e-02   |   4   |
|  80   |  80   | 3397  | +1.1727e+02 | 6.79e+02 | 2.26e-02 | 7.22e-16 | 1.00e+00 |  2.00e-02   |   4   |
|  81   |  81   | 3424  | +1.1711e+02 | 6.79e+02 | 2.31e-02 | 7.22e-16 | 1.00e+00 |  2.00e-02   |   4   |
|  82   |  82   | 3451  | +1.1710e+02 | 6.79e+02 | 2.37e-02 | 7.22e-16 | 1.00e+00 |  2.00e-02   |   4   |
|  83   |  83   | 3476  | +1.1708e+02 | 6.79e+02 | 2.43e-02 | 7.22e-16 | 1.00e+00 |  2.00e-02   |   4   |
|  84   |  84   | 3505  | +1.1698e+02 | 6.79e+02 | 2.49e-02 | 5.55e-16 | 1.00e+00 |  2.00e-02   |   4   |
|  85   |  85   | 3529  | +1.1684e+02 | 6.79e+02 | 2.52e-02 | 7.22e-16 | 1.00e+00 |  2.00e-02   |   4   |
|  86   |  86   | 3555  | +1.1665e+02 | 6.79e+02 | 2.57e-02 | 7.22e-16 | 1.00e+00 |  2.00e-02   |   4   |
|  87   |  87   | 3579  | +1.1652e+02 | 6.79e+02 | 2.62e-02 | 6.11e-16 | 1.00e+00 |  2.00e-02   |   4   |
|  88   |  88   | 3605  | +1.1635e+02 | 6.79e+02 | 2.67e-02 | 7.77e-16 | 1.00e+00 |  2.00e-02   |   4   |
|  89   |  89   | 3630  | +1.1634e+02 | 6.79e+02 | 2.69e-02 | 7.22e-16 | 1.00e+00 |  2.00e-02   |   4   |
|  90   |  90   | 3656  | +1.1634e+02 | 6.79e+02 | 2.73e-02 | 7.22e-16 | 1.00e+00 |  2.00e-02   |   4   |
|  91   |  91   | 3682  | +1.1630e+02 | 6.79e+02 | 2.79e-02 | 8.88e-16 | 1.00e+00 |  2.00e-02   |   4   |
|  92   |  92   | 3701  | +1.1628e+02 | 6.79e+02 | 2.83e-02 | 5.55e-16 | 1.00e+00 |  2.00e-02   |   4   |
|  93   |  93   | 3721  | +1.1632e+02 | 6.79e+02 | 2.87e-02 | 5.00e-16 | 1.00e+00 |  2.00e-02   |   4   |
|  94   |  94   | 3740  | +1.1619e+02 | 6.79e+02 | 2.90e-02 | 7.22e-16 | 1.00e+00 |  2.00e-02   |   4   |
|  95   |  95   | 3762  | +1.1603e+02 | 6.79e+02 | 2.93e-02 | 7.22e-16 | 1.00e+00 |  2.00e-02   |   4   |
|  96   |  96   | 3780  | +1.1596e+02 | 6.79e+02 | 2.94e-02 | 7.77e-16 | 1.00e+00 |  2.00e-02   |   4   |
|  97   |  97   | 3795  | +1.1593e+02 | 6.79e+02 | 2.95e-02 | 7.22e-16 | 1.00e+00 |  2.00e-02   |   4   |
|  98   |  98   | 3820  | +1.1581e+02 | 6.79e+02 | 2.94e-02 | 7.22e-16 | 1.00e+00 |  2.00e-02   |   4   |
|  99   |  99   | 3837  | +1.1566e+02 | 6.79e+02 | 2.93e-02 | 7.77e-16 | 1.00e+00 |  2.00e-02   |   4   |
|  100  |  100  | 3862  | +1.1536e+02 | 6.79e+02 | 2.92e-02 | 6.11e-16 | 1.00e+00 |  2.00e-02   |   4   |
|  101  |  101  | 3882  | +1.1527e+02 | 6.79e+02 | 2.93e-02 | 5.55e-16 | 1.00e+00 |  2.00e-02   |   4   |
|  102  |  102  | 3902  | +1.1518e+02 | 6.79e+02 | 2.95e-02 | 6.11e-16 | 1.00e+00 |  2.00e-02   |   4   |
|  103  |  103  | 3922  | +1.1510e+02 | 6.79e+02 | 2.95e-02 | 7.77e-16 | 1.00e+00 |  2.00e-02   |   4   |
|  104  |  104  | 3942  | +1.1501e+02 | 6.79e+02 | 2.92e-02 | 7.22e-16 | 1.00e+00 |  2.00e-02   |   4   |
|  105  |  105  | 3963  | +1.1490e+02 | 6.79e+02 | 2.86e-02 | 6.11e-16 | 1.00e+00 |  2.00e-02   |   4   |
|  106  |  106  | 3980  | +1.1484e+02 | 6.79e+02 | 2.84e-02 | 7.22e-16 | 1.00e+00 |  2.00e-02   |   4   |
|  107  |  107  | 4004  | +1.1457e+02 | 6.79e+02 | 2.79e-02 | 6.11e-16 | 1.00e+00 |  2.00e-02   |   4   |
|  108  |  108  | 4023  | +1.1441e+02 | 6.79e+02 | 2.77e-02 | 5.55e-16 | 1.00e+00 |  2.00e-02   |   4   |
|  109  |  109  | 4041  | +1.1430e+02 | 6.79e+02 | 2.76e-02 | 7.22e-16 | 1.00e+00 |  2.00e-02   |   4   |
|  110  |  110  | 4051  | +1.1426e+02 | 6.79e+02 | 2.76e-02 | 7.22e-16 | 1.00e+00 |  2.00e-02   |   4   |
|  111  |  111  | 4061  | +1.1422e+02 | 6.79e+02 | 2.75e-02 | 6.11e-16 | 1.00e+00 |  2.00e-02   |   4   |
|  112  |  112  | 4071  | +1.1419e+02 | 6.79e+02 | 2.75e-02 | 7.77e-16 | 1.00e+00 |  2.00e-02   |   4   |
|  113  |  113  | 4081  | +1.1415e+02 | 6.79e+02 | 2.74e-02 | 6.11e-16 | 1.00e+00 |  2.00e-02   |   4   |
|  114  |  114  | 4091  | +1.1412e+02 | 6.79e+02 | 2.74e-02 | 7.22e-16 | 1.00e+00 |  2.00e-02   |   4   |
|  115  |  115  | 4100  | +1.1409e+02 | 6.79e+02 | 2.73e-02 | 7.77e-16 | 1.00e+00 |  2.00e-02   |   4   |
|  116  |  116  | 4110  | +1.1406e+02 | 6.79e+02 | 2.73e-02 | 7.22e-16 | 1.00e+00 |  2.00e-02   |   4   |
|  117  |  117  | 4115  | +1.1405e+02 | 6.79e+02 | 2.72e-02 | 6.11e-16 | 1.00e+00 |  2.00e-02   |   4   |
|  118  |  118  | 4147  | +1.1377e+02 | 6.79e+02 | 2.68e-02 | 5.55e-16 | 1.00e+00 |  2.00e-02   |   4   |
|  119  |  119  | 4164  | +1.1359e+02 | 6.79e+02 | 2.64e-02 | 6.11e-16 | 1.00e+00 |  2.00e-02   |   4   |
|  120  |  120  | 4179  | +1.1340e+02 | 6.79e+02 | 2.61e-02 | 7.77e-16 | 1.00e+00 |  2.00e-02   |   4   |
|  121  |  121  | 4194  | +1.1324e+02 | 6.79e+02 | 2.58e-02 | 5.55e-16 | 1.00e+00 |  2.00e-02   |   4   |
|  122  |  122  | 4209  | +1.1313e+02 | 6.79e+02 | 2.56e-02 | 6.11e-16 | 1.00e+00 |  2.00e-02   |   4   |
|  123  |  123  | 4214  | +1.1312e+02 | 6.79e+02 | 2.56e-02 | 7.22e-16 | 1.00e+00 |  2.00e-02   |   4   |
|  124  |  124  | 4244  | +1.1279e+02 | 6.79e+02 | 2.51e-02 | 7.22e-16 | 1.00e+00 |  2.00e-02   |   4   |
|  125  |  125  | 4266  | +1.1254e+02 | 6.79e+02 | 2.46e-02 | 6.11e-16 | 1.00e+00 |  2.00e-02   |   4   |
|  126  |  126  | 4286  | +1.1242e+02 | 6.79e+02 | 2.41e-02 | 7.22e-16 | 1.00e+00 |  2.00e-02   |   4   |
|  127  |  127  | 4304  | +1.1221e+02 | 6.79e+02 | 2.34e-02 | 7.22e-16 | 1.00e+00 |  2.00e-02   |   4   |
|  128  |  128  | 4318  | +1.1206e+02 | 6.79e+02 | 2.30e-02 | 7.22e-16 | 1.00e+00 |  2.00e-02   |   4   |
|  129  |  129  | 4333  | +1.1195e+02 | 6.79e+02 | 2.26e-02 | 7.77e-16 | 1.00e+00 |  2.00e-02   |   4   |
|  130  |  130  | 4354  | +1.1187e+02 | 6.79e+02 | 2.22e-02 | 7.22e-16 | 1.00e+00 |  2.00e-02   |   4   |
|  131  |  131  | 4377  | +1.1186e+02 | 6.79e+02 | 2.20e-02 | 8.33e-16 | 1.00e+00 |  2.00e-02   |   4   |
|  132  |  132  | 4396  | +1.1180e+02 | 6.79e+02 | 2.19e-02 | 7.22e-16 | 1.00e+00 |  2.00e-02   |   4   |
|  133  |  133  | 4413  | +1.1174e+02 | 6.79e+02 | 2.17e-02 | 6.11e-16 | 1.00e+00 |  2.00e-02   |   4   |
|  134  |  134  | 4428  | +1.1167e+02 | 6.79e+02 | 2.15e-02 | 7.22e-16 | 1.00e+00 |  2.00e-02   |   4   |
|  135  |  135  | 4445  | +1.1160e+02 | 6.79e+02 | 2.13e-02 | 7.77e-16 | 1.00e+00 |  2.00e-02   |   4   |
|  136  |  136  | 4455  | +1.1155e+02 | 6.79e+02 | 2.12e-02 | 7.77e-16 | 1.00e+00 |  2.00e-02   |   4   |
|  137  |  137  | 4465  | +1.1149e+02 | 6.79e+02 | 2.11e-02 | 7.77e-16 | 1.00e+00 |  2.00e-02   |   4   |
|  138  |  138  | 4475  | +1.1143e+02 | 6.79e+02 | 2.09e-02 | 7.22e-16 | 1.00e+00 |  2.00e-02   |   4   |
|  139  |  139  | 4492  | +1.1135e+02 | 6.79e+02 | 2.07e-02 | 7.22e-16 | 1.00e+00 |  2.00e-02   |   4   |
|  140  |  140  | 4499  | +1.1131e+02 | 6.79e+02 | 2.06e-02 | 7.22e-16 | 1.00e+00 |  2.00e-02   |   4   |
|  141  |  141  | 4506  | +1.1126e+02 | 6.79e+02 | 2.05e-02 | 8.88e-16 | 1.00e+00 |  2.00e-02   |   4   |
|  142  |  142  | 4516  | +1.1121e+02 | 6.79e+02 | 2.04e-02 | 8.33e-16 | 1.00e+00 |  2.00e-02   |   4   |
|  143  |  143  | 4526  | +1.1116e+02 | 6.79e+02 | 2.03e-02 | 7.22e-16 | 1.00e+00 |  2.00e-02   |   4   |
|  144  |  144  | 4536  | +1.1111e+02 | 6.79e+02 | 2.01e-02 | 5.55e-16 | 1.00e+00 |  2.00e-02   |   4   |
|  145  |  145  | 4546  | +1.1106e+02 | 6.79e+02 | 2.00e-02 | 6.11e-16 | 1.00e+00 |  2.00e-02   |   4   |
|  146  |  146  | 4556  | +1.1101e+02 | 6.79e+02 | 1.99e-02 | 7.22e-16 | 1.00e+00 |  2.00e-02   |   4   |
|  147  |  147  | 4566  | +1.1096e+02 | 6.79e+02 | 1.98e-02 | 7.77e-16 | 1.00e+00 |  2.00e-02   |   4   |
|  148  |  148  | 4573  | +1.1093e+02 | 6.79e+02 | 1.97e-02 | 8.33e-16 | 1.00e+00 |  2.00e-02   |   4   |
|  149  |  149  | 4583  | +1.1088e+02 | 6.79e+02 | 1.96e-02 | 7.22e-16 | 1.00e+00 |  2.00e-02   |   4   |
|  150  |  150  | 4590  | +1.1084e+02 | 6.79e+02 | 1.95e-02 | 6.11e-16 | 1.00e+00 |  2.00e-02   |   4   |
|  151  |  151  | 4597  | +1.1080e+02 | 6.79e+02 | 1.94e-02 | 6.11e-16 | 1.00e+00 |  2.00e-02   |   4   |
|  152  |  152  | 4614  | +1.1072e+02 | 6.79e+02 | 1.92e-02 | 7.77e-16 | 1.00e+00 |  2.00e-02   |   4   |
|  153  |  153  | 4620  | +1.1069e+02 | 6.79e+02 | 1.91e-02 | 7.22e-16 | 1.00e+00 |  2.00e-02   |   4   |
|  154  |  154  | 4626  | +1.1066e+02 | 6.79e+02 | 1.91e-02 | 7.77e-16 | 1.00e+00 |  2.00e-02   |   4   |
|  155  |  155  | 4632  | +1.1064e+02 | 6.79e+02 | 1.90e-02 | 7.22e-16 | 1.00e+00 |  2.00e-02   |   4   |
|  156  |  156  | 4638  | +1.1061e+02 | 6.79e+02 | 1.89e-02 | 7.22e-16 | 1.00e+00 |  2.00e-02   |   4   |
|  157  |  157  | 4644  | +1.1058e+02 | 6.79e+02 | 1.89e-02 | 7.22e-16 | 1.00e+00 |  2.00e-02   |   4   |
|  158  |  158  | 4650  | +1.1055e+02 | 6.79e+02 | 1.88e-02 | 5.55e-16 | 1.00e+00 |  2.00e-02   |   4   |
|  159  |  159  | 4656  | +1.1053e+02 | 6.79e+02 | 1.87e-02 | 7.77e-16 | 1.00e+00 |  2.00e-02   |   4   |
|  160  |  160  | 4662  | +1.1050e+02 | 6.79e+02 | 1.87e-02 | 8.88e-16 | 1.00e+00 |  2.00e-02   |   4   |
|  161  |  161  | 4668  | +1.1048e+02 | 6.79e+02 | 1.86e-02 | 6.11e-16 | 1.00e+00 |  2.00e-02   |   4   |
|  162  |  162  | 4674  | +1.1045e+02 | 6.79e+02 | 1.85e-02 | 7.22e-16 | 1.00e+00 |  2.00e-02   |   4   |
|  163  |  163  | 4680  | +1.1042e+02 | 6.79e+02 | 1.85e-02 | 7.77e-16 | 1.00e+00 |  2.00e-02   |   4   |
|  164  |  164  | 4686  | +1.1040e+02 | 6.79e+02 | 1.84e-02 | 7.77e-16 | 1.00e+00 |  2.00e-02   |   4   |
|  165  |  165  | 4692  | +1.1037e+02 | 6.79e+02 | 1.84e-02 | 7.77e-16 | 1.00e+00 |  2.00e-02   |   4   |
|  166  |  166  | 4698  | +1.1035e+02 | 6.79e+02 | 1.83e-02 | 7.77e-16 | 1.00e+00 |  2.00e-02   |   4   |
|  167  |  167  | 4704  | +1.1032e+02 | 6.79e+02 | 1.82e-02 | 7.22e-16 | 1.00e+00 |  2.00e-02   |   4   |
|  168  |  168  | 4710  | +1.1030e+02 | 6.79e+02 | 1.82e-02 | 5.55e-16 | 1.00e+00 |  2.00e-02   |   4   |
|  169  |  169  | 4716  | +1.1028e+02 | 6.79e+02 | 1.81e-02 | 8.33e-16 | 1.00e+00 |  2.00e-02   |   4   |
|  170  |  170  | 4722  | +1.1025e+02 | 6.79e+02 | 1.81e-02 | 6.11e-16 | 1.00e+00 |  2.00e-02   |   4   |
|  171  |  171  | 4728  | +1.1023e+02 | 6.79e+02 | 1.80e-02 | 5.55e-16 | 1.00e+00 |  2.00e-02   |   4   |
|  172  |  172  | 4734  | +1.1021e+02 | 6.79e+02 | 1.80e-02 | 8.33e-16 | 1.00e+00 |  2.00e-02   |   4   |
|  173  |  173  | 4740  | +1.1018e+02 | 6.79e+02 | 1.79e-02 | 7.77e-16 | 1.00e+00 |  2.00e-02   |   4   |
|  174  |  174  | 4746  | +1.1016e+02 | 6.79e+02 | 1.79e-02 | 7.77e-16 | 1.00e+00 |  2.00e-02   |   4   |
|  175  |  175  | 4752  | +1.1014e+02 | 6.79e+02 | 1.78e-02 | 7.22e-16 | 1.00e+00 |  2.00e-02   |   4   |
|  176  |  176  | 4758  | +1.1012e+02 | 6.79e+02 | 1.78e-02 | 6.11e-16 | 1.00e+00 |  2.00e-02   |   4   |
|  177  |  177  | 4764  | +1.1009e+02 | 6.79e+02 | 1.77e-02 | 7.22e-16 | 1.00e+00 |  2.00e-02   |   4   |
|  178  |  178  | 4770  | +1.1007e+02 | 6.79e+02 | 1.76e-02 | 6.11e-16 | 1.00e+00 |  2.00e-02   |   4   |
|  179  |  179  | 4776  | +1.1005e+02 | 6.79e+02 | 1.76e-02 | 5.55e-16 | 1.00e+00 |  2.00e-02   |   4   |
|  180  |  180  | 4782  | +1.1003e+02 | 6.79e+02 | 1.75e-02 | 7.77e-16 | 1.00e+00 |  2.00e-02   |   4   |
|  181  |  181  | 4788  | +1.1001e+02 | 6.79e+02 | 1.75e-02 | 5.55e-16 | 1.00e+00 |  2.00e-02   |   4   |
|  182  |  182  | 4794  | +1.0999e+02 | 6.79e+02 | 1.74e-02 | 6.11e-16 | 1.00e+00 |  2.00e-02   |   4   |
|  183  |  183  | 4800  | +1.0997e+02 | 6.79e+02 | 1.74e-02 | 8.33e-16 | 1.00e+00 |  2.00e-02   |   4   |
|  184  |  184  | 4804  | +1.0996e+02 | 6.79e+02 | 1.74e-02 | 7.77e-16 | 1.00e+00 |  2.00e-02   |   4   |
|  185  |  185  | 4810  | +1.0994e+02 | 6.79e+02 | 1.73e-02 | 7.77e-16 | 1.00e+00 |  2.00e-02   |   4   |
|  186  |  186  | 4814  | +1.0993e+02 | 6.79e+02 | 1.73e-02 | 7.77e-16 | 1.00e+00 |  2.00e-02   |   4   |
|  187  |  187  | 4818  | +1.0992e+02 | 6.79e+02 | 1.73e-02 | 7.22e-16 | 1.00e+00 |  2.00e-02   |   4   |
|  188  |  188  | 4824  | +1.0990e+02 | 6.79e+02 | 1.72e-02 | 5.55e-16 | 1.00e+00 |  2.00e-02   |   4   |
|  189  |  189  | 4828  | +1.0989e+02 | 6.79e+02 | 1.72e-02 | 7.22e-16 | 1.00e+00 |  2.00e-02   |   4   |
|  190  |  190  | 4832  | +1.0987e+02 | 6.79e+02 | 1.72e-02 | 7.77e-16 | 1.00e+00 |  2.00e-02   |   4   |
|  191  |  191  | 4838  | +1.0985e+02 | 6.79e+02 | 1.71e-02 | 7.22e-16 | 1.00e+00 |  2.00e-02   |   4   |
|  192  |  192  | 4842  | +1.0984e+02 | 6.79e+02 | 1.71e-02 | 7.77e-16 | 1.00e+00 |  2.00e-02   |   4   |
|  193  |  193  | 4846  | +1.0983e+02 | 6.79e+02 | 1.71e-02 | 6.11e-16 | 1.00e+00 |  2.00e-02   |   4   |
|  194  |  194  | 4850  | +1.0982e+02 | 6.79e+02 | 1.71e-02 | 7.22e-16 | 1.00e+00 |  2.00e-02   |   4   |
|  195  |  195  | 4856  | +1.0980e+02 | 6.79e+02 | 1.70e-02 | 8.33e-16 | 1.00e+00 |  2.00e-02   |   4   |
|  196  |  196  | 4860  | +1.0979e+02 | 6.79e+02 | 1.70e-02 | 6.11e-16 | 1.00e+00 |  2.00e-02   |   4   |
|  197  |  197  | 4864  | +1.0978e+02 | 6.79e+02 | 1.70e-02 | 7.22e-16 | 1.00e+00 |  2.00e-02   |   4   |
|  198  |  198  | 4879  | +1.0971e+02 | 6.79e+02 | 1.68e-02 | 5.55e-16 | 1.00e+00 |  2.00e-02   |   4   |
|  199  |  199  | 4883  | +1.0970e+02 | 6.79e+02 | 1.68e-02 | 6.11e-16 | 1.00e+00 |  2.00e-02   |   4   |
|  200  |  200  | 4887  | +1.0969e+02 | 6.79e+02 | 1.68e-02 | 7.77e-16 | 1.00e+00 |  2.00e-02   |   4   |
|  201  |  201  | 4891  | +1.0968e+02 | 6.79e+02 | 1.68e-02 | 7.77e-16 | 1.00e+00 |  2.00e-02   |   4   |
|  202  |  202  | 4895  | +1.0967e+02 | 6.79e+02 | 1.67e-02 | 7.22e-16 | 1.00e+00 |  2.00e-02   |   4   |
|  203  |  203  | 4899  | +1.0966e+02 | 6.79e+02 | 1.67e-02 | 7.77e-16 | 1.00e+00 |  2.00e-02   |   4   |
|  204  |  204  | 4903  | +1.0966e+02 | 6.79e+02 | 1.67e-02 | 6.11e-16 | 1.00e+00 |  2.00e-02   |   4   |
|  205  |  205  | 4907  | +1.0965e+02 | 6.79e+02 | 1.67e-02 | 7.22e-16 | 1.00e+00 |  2.00e-02   |   4   |
|  206  |  206  | 4911  | +1.0964e+02 | 6.79e+02 | 1.67e-02 | 7.77e-16 | 1.00e+00 |  2.00e-02   |   4   |
|  207  |  207  | 4915  | +1.0963e+02 | 6.79e+02 | 1.67e-02 | 6.11e-16 | 1.00e+00 |  2.00e-02   |   4   |
|  208  |  208  | 4919  | +1.0962e+02 | 6.79e+02 | 1.66e-02 | 8.33e-16 | 1.00e+00 |  2.00e-02   |   4   |
|  209  |  209  | 4923  | +1.0961e+02 | 6.79e+02 | 1.66e-02 | 6.11e-16 | 1.00e+00 |  2.00e-02   |   4   |
|  210  |  210  | 4927  | +1.0960e+02 | 6.79e+02 | 1.66e-02 | 7.22e-16 | 1.00e+00 |  2.00e-02   |   4   |
|  211  |  211  | 4931  | +1.0960e+02 | 6.79e+02 | 1.66e-02 | 7.22e-16 | 1.00e+00 |  2.00e-02   |   4   |
|  212  |  212  | 4935  | +1.0959e+02 | 6.79e+02 | 1.66e-02 | 7.22e-16 | 1.00e+00 |  2.00e-02   |   4   |
|  213  |  213  | 4939  | +1.0958e+02 | 6.79e+02 | 1.66e-02 | 7.22e-16 | 1.00e+00 |  2.00e-02   |   4   |
|  214  |  214  | 4943  | +1.0957e+02 | 6.79e+02 | 1.66e-02 | 7.77e-16 | 1.00e+00 |  2.00e-02   |   4   |
|  215  |  215  | 4947  | +1.0956e+02 | 6.79e+02 | 1.65e-02 | 6.11e-16 | 1.00e+00 |  2.00e-02   |   4   |
|  216  |  216  | 4951  | +1.0955e+02 | 6.79e+02 | 1.65e-02 | 7.22e-16 | 1.00e+00 |  2.00e-02   |   4   |
|  217  |  217  | 4955  | +1.0954e+02 | 6.79e+02 | 1.65e-02 | 5.55e-16 | 1.00e+00 |  2.00e-02   |   4   |
|  218  |  218  | 4959  | +1.0954e+02 | 6.79e+02 | 1.65e-02 | 6.11e-16 | 1.00e+00 |  2.00e-02   |   4   |
|  219  |  219  | 4963  | +1.0953e+02 | 6.79e+02 | 1.65e-02 | 7.77e-16 | 1.00e+00 |  2.00e-02   |   4   |
|  220  |  220  | 4967  | +1.0952e+02 | 6.79e+02 | 1.65e-02 | 7.77e-16 | 1.00e+00 |  2.00e-02   |   4   |
|  221  |  221  | 4971  | +1.0951e+02 | 6.79e+02 | 1.65e-02 | 7.77e-16 | 1.00e+00 |  2.00e-02   |   4   |
|  222  |  222  | 4975  | +1.0950e+02 | 6.79e+02 | 1.64e-02 | 7.77e-16 | 1.00e+00 |  2.00e-02   |   4   |
|  223  |  223  | 4979  | +1.0949e+02 | 6.79e+02 | 1.64e-02 | 7.22e-16 | 1.00e+00 |  2.00e-02   |   4   |
|  224  |  224  | 4983  | +1.0948e+02 | 6.79e+02 | 1.64e-02 | 7.22e-16 | 1.00e+00 |  2.00e-02   |   4   |
|  225  |  225  | 4987  | +1.0948e+02 | 6.79e+02 | 1.64e-02 | 7.22e-16 | 1.00e+00 |  2.00e-02   |   4   |
|  226  |  226  | 4991  | +1.0947e+02 | 6.79e+02 | 1.64e-02 | 8.33e-16 | 1.00e+00 |  2.00e-02   |   4   |
|  227  |  227  | 4995  | +1.0946e+02 | 6.79e+02 | 1.64e-02 | 7.22e-16 | 1.00e+00 |  2.00e-02   |   4   |
|  228  |  228  | 4999  | +1.0945e+02 | 6.79e+02 | 1.64e-02 | 7.77e-16 | 1.00e+00 |  2.00e-02   |   4   |
|  229  |  229  | 5003  | +1.0944e+02 | 6.79e+02 | 1.64e-02 | 7.22e-16 | 1.00e+00 |  2.00e-02   |   4   |
|  230  |  230  | 5007  | +1.0944e+02 | 6.79e+02 | 1.64e-02 | 7.22e-16 | 1.00e+00 |  2.00e-02   |   4   |
|  231  |  231  | 5011  | +1.0943e+02 | 6.79e+02 | 1.63e-02 | 7.77e-16 | 1.00e+00 |  2.00e-02   |   4   |
|  232  |  232  | 5015  | +1.0942e+02 | 6.79e+02 | 1.63e-02 | 7.77e-16 | 1.00e+00 |  2.00e-02   |   4   |
|  233  |  233  | 5019  | +1.0941e+02 | 6.79e+02 | 1.63e-02 | 7.22e-16 | 1.00e+00 |  2.00e-02   |   4   |
|  234  |  234  | 5023  | +1.0940e+02 | 6.79e+02 | 1.63e-02 | 6.11e-16 | 1.00e+00 |  2.00e-02   |   4   |
|  235  |  235  | 5027  | +1.0939e+02 | 6.79e+02 | 1.63e-02 | 7.77e-16 | 1.00e+00 |  2.00e-02   |   4   |
|  236  |  236  | 5031  | +1.0939e+02 | 6.79e+02 | 1.63e-02 | 8.33e-16 | 1.00e+00 |  2.00e-02   |   4   |
|  237  |  237  | 5046  | +1.0932e+02 | 6.79e+02 | 1.61e-02 | 7.22e-16 | 1.00e+00 |  2.00e-02   |   4   |
|  238  |  238  | 5050  | +1.0931e+02 | 6.79e+02 | 1.61e-02 | 7.22e-16 | 1.00e+00 |  2.00e-02   |   4   |
|  239  |  239  | 5054  | +1.0931e+02 | 6.79e+02 | 1.61e-02 | 7.22e-16 | 1.00e+00 |  2.00e-02   |   4   |
|  240  |  240  | 5058  | +1.0930e+02 | 6.79e+02 | 1.61e-02 | 7.77e-16 | 1.00e+00 |  2.00e-02   |   4   |
|  241  |  241  | 5062  | +1.0929e+02 | 6.79e+02 | 1.61e-02 | 7.22e-16 | 1.00e+00 |  2.00e-02   |   4   |
|  242  |  242  | 5066  | +1.0929e+02 | 6.79e+02 | 1.61e-02 | 8.33e-16 | 1.00e+00 |  2.00e-02   |   4   |
|  243  |  243  | 5070  | +1.0928e+02 | 6.79e+02 | 1.61e-02 | 8.33e-16 | 1.00e+00 |  2.00e-02   |   4   |
|  244  |  244  | 5074  | +1.0927e+02 | 6.79e+02 | 1.60e-02 | 7.22e-16 | 1.00e+00 |  2.00e-02   |   4   |
|  245  |  245  | 5078  | +1.0927e+02 | 6.79e+02 | 1.60e-02 | 7.22e-16 | 1.00e+00 |  2.00e-02   |   4   |
|  246  |  246  | 5082  | +1.0926e+02 | 6.79e+02 | 1.60e-02 | 8.33e-16 | 1.00e+00 |  2.00e-02   |   4   |
|  247  |  247  | 5086  | +1.0925e+02 | 6.79e+02 | 1.60e-02 | 6.11e-16 | 1.00e+00 |  2.00e-02   |   4   |
|  248  |  248  | 5090  | +1.0924e+02 | 6.79e+02 | 1.60e-02 | 5.55e-16 | 1.00e+00 |  2.00e-02   |   4   |
|  249  |  249  | 5094  | +1.0924e+02 | 6.79e+02 | 1.60e-02 | 7.77e-16 | 1.00e+00 |  2.00e-02   |   4   |
|  250  |  250  | 5098  | +1.0923e+02 | 6.79e+02 | 1.60e-02 | 6.11e-16 | 1.00e+00 |  2.00e-02   |   4   |
|  251  |  251  | 5102  | +1.0922e+02 | 6.79e+02 | 1.60e-02 | 7.22e-16 | 1.00e+00 |  2.00e-02   |   4   |
|  252  |  252  | 5106  | +1.0922e+02 | 6.79e+02 | 1.60e-02 | 7.77e-16 | 1.00e+00 |  2.00e-02   |   4   |
|  253  |  253  | 5110  | +1.0921e+02 | 6.79e+02 | 1.60e-02 | 7.77e-16 | 1.00e+00 |  2.00e-02   |   4   |
|  254  |  254  | 5114  | +1.0920e+02 | 6.79e+02 | 1.60e-02 | 7.77e-16 | 1.00e+00 |  2.00e-02   |   4   |
|  255  |  255  | 5118  | +1.0920e+02 | 6.79e+02 | 1.60e-02 | 5.55e-16 | 1.00e+00 |  2.00e-02   |   4   |
|  256  |  256  | 5122  | +1.0919e+02 | 6.79e+02 | 1.60e-02 | 7.22e-16 | 1.00e+00 |  2.00e-02   |   4   |
|  257  |  257  | 5126  | +1.0918e+02 | 6.79e+02 | 1.60e-02 | 7.77e-16 | 1.00e+00 |  2.00e-02   |   4   |
|  258  |  258  | 5130  | +1.0918e+02 | 6.79e+02 | 1.60e-02 | 7.22e-16 | 1.00e+00 |  2.00e-02   |   4   |
|  259  |  259  | 5134  | +1.0917e+02 | 6.79e+02 | 1.60e-02 | 7.22e-16 | 1.00e+00 |  2.00e-02   |   4   |
|  260  |  260  | 5138  | +1.0916e+02 | 6.79e+02 | 1.59e-02 | 6.11e-16 | 1.00e+00 |  2.00e-02   |   4   |
|  261  |  261  | 5142  | +1.0916e+02 | 6.79e+02 | 1.59e-02 | 7.22e-16 | 1.00e+00 |  2.00e-02   |   4   |
|  262  |  262  | 5146  | +1.0915e+02 | 6.79e+02 | 1.59e-02 | 7.22e-16 | 1.00e+00 |  2.00e-02   |   4   |
|  263  |  263  | 5150  | +1.0915e+02 | 6.79e+02 | 1.59e-02 | 7.22e-16 | 1.00e+00 |  2.00e-02   |   4   |
|  264  |  264  | 5154  | +1.0914e+02 | 6.79e+02 | 1.59e-02 | 7.77e-16 | 1.00e+00 |  2.00e-02   |   4   |
|  265  |  265  | 5158  | +1.0913e+02 | 6.79e+02 | 1.59e-02 | 8.33e-16 | 1.00e+00 |  2.00e-02   |   4   |
|  266  |  266  | 5162  | +1.0913e+02 | 6.79e+02 | 1.59e-02 | 7.22e-16 | 1.00e+00 |  2.00e-02   |   4   |
|  267  |  267  | 5166  | +1.0912e+02 | 6.79e+02 | 1.59e-02 | 6.11e-16 | 1.00e+00 |  2.00e-02   |   4   |
|  268  |  268  | 5170  | +1.0911e+02 | 6.79e+02 | 1.59e-02 | 8.33e-16 | 1.00e+00 |  2.00e-02   |   4   |
|  269  |  269  | 5174  | +1.0911e+02 | 6.79e+02 | 1.59e-02 | 8.33e-16 | 1.00e+00 |  2.00e-02   |   4   |
|  270  |  270  | 5178  | +1.0910e+02 | 6.79e+02 | 1.59e-02 | 6.11e-16 | 1.00e+00 |  2.00e-02   |   4   |
|  271  |  271  | 5182  | +1.0909e+02 | 6.79e+02 | 1.59e-02 | 6.11e-16 | 1.00e+00 |  2.00e-02   |   4   |
|  272  |  272  | 5186  | +1.0909e+02 | 6.79e+02 | 1.59e-02 | 7.77e-16 | 1.00e+00 |  2.00e-02   |   4   |
|  273  |  273  | 5190  | +1.0908e+02 | 6.79e+02 | 1.59e-02 | 5.55e-16 | 1.00e+00 |  2.00e-02   |   4   |
|  274  |  274  | 5194  | +1.0908e+02 | 6.79e+02 | 1.59e-02 | 7.22e-16 | 1.00e+00 |  2.00e-02   |   4   |
|  275  |  275  | 5198  | +1.0907e+02 | 6.79e+02 | 1.59e-02 | 7.77e-16 | 1.00e+00 |  2.00e-02   |   4   |
|  276  |  276  | 5202  | +1.0906e+02 | 6.79e+02 | 1.59e-02 | 7.77e-16 | 1.00e+00 |  2.00e-02   |   4   |
|  277  |  277  | 5206  | +1.0906e+02 | 6.79e+02 | 1.59e-02 | 6.11e-16 | 1.00e+00 |  2.00e-02   |   4   |
|  278  |  278  | 5210  | +1.0905e+02 | 6.79e+02 | 1.59e-02 | 7.77e-16 | 1.00e+00 |  2.00e-02   |   4   |
|  279  |  279  | 5214  | +1.0905e+02 | 6.79e+02 | 1.59e-02 | 7.22e-16 | 1.00e+00 |  2.00e-02   |   4   |
|  280  |  280  | 5218  | +1.0904e+02 | 6.79e+02 | 1.59e-02 | 7.77e-16 | 1.00e+00 |  2.00e-02   |   4   |
|  281  |  281  | 5222  | +1.0903e+02 | 6.79e+02 | 1.59e-02 | 7.77e-16 | 1.00e+00 |  2.00e-02   |   4   |
|  282  |  282  | 5226  | +1.0903e+02 | 6.79e+02 | 1.58e-02 | 7.22e-16 | 1.00e+00 |  2.00e-02   |   4   |
|  283  |  283  | 5230  | +1.0902e+02 | 6.79e+02 | 1.58e-02 | 7.77e-16 | 1.00e+00 |  2.00e-02   |   4   |
|  284  |  284  | 5234  | +1.0902e+02 | 6.79e+02 | 1.58e-02 | 7.77e-16 | 1.00e+00 |  2.00e-02   |   4   |
|  285  |  285  | 5238  | +1.0901e+02 | 6.79e+02 | 1.58e-02 | 7.22e-16 | 1.00e+00 |  2.00e-02   |   4   |
|  286  |  286  | 5242  | +1.0900e+02 | 6.79e+02 | 1.58e-02 | 8.33e-16 | 1.00e+00 |  2.00e-02   |   4   |
|  287  |  287  | 5246  | +1.0900e+02 | 6.79e+02 | 1.58e-02 | 5.55e-16 | 1.00e+00 |  2.00e-02   |   4   |
|  288  |  288  | 5250  | +1.0899e+02 | 6.79e+02 | 1.58e-02 | 7.22e-16 | 1.00e+00 |  2.00e-02   |   4   |
|  289  |  289  | 5254  | +1.0899e+02 | 6.79e+02 | 1.58e-02 | 6.11e-16 | 1.00e+00 |  2.00e-02   |   4   |
|  290  |  290  | 5258  | +1.0898e+02 | 6.79e+02 | 1.58e-02 | 7.77e-16 | 1.00e+00 |  2.00e-02   |   4   |
|  291  |  291  | 5262  | +1.0898e+02 | 6.79e+02 | 1.58e-02 | 7.77e-16 | 1.00e+00 |  2.00e-02   |   4   |
|  292  |  292  | 5266  | +1.0897e+02 | 6.79e+02 | 1.58e-02 | 7.22e-16 | 1.00e+00 |  2.00e-02   |   4   |
|  293  |  293  | 5270  | +1.0897e+02 | 6.79e+02 | 1.58e-02 | 8.88e-16 | 1.00e+00 |  2.00e-02   |   4   |
|  294  |  294  | 5274  | +1.0896e+02 | 6.79e+02 | 1.58e-02 | 5.55e-16 | 1.00e+00 |  2.00e-02   |   4   |
|  295  |  295  | 5278  | +1.0895e+02 | 6.79e+02 | 1.58e-02 | 7.22e-16 | 1.00e+00 |  2.00e-02   |   4   |
|  296  |  296  | 5282  | +1.0895e+02 | 6.79e+02 | 1.58e-02 | 7.77e-16 | 1.00e+00 |  2.00e-02   |   4   |
|  297  |  297  | 5286  | +1.0894e+02 | 6.79e+02 | 1.58e-02 | 7.77e-16 | 1.00e+00 |  2.00e-02   |   4   |
|  298  |  298  | 5290  | +1.0894e+02 | 6.79e+02 | 1.58e-02 | 7.77e-16 | 1.00e+00 |  2.00e-02   |   4   |
|  299  |  299  | 5294  | +1.0893e+02 | 6.79e+02 | 1.58e-02 | 7.22e-16 | 1.00e+00 |  2.00e-02   |   4   |
|  300  |  300  | 5298  | +1.0893e+02 | 6.79e+02 | 1.58e-02 | 5.55e-16 | 1.00e+00 |  2.00e-02   |   4   |
|  301  |  301  | 5302  | +1.0892e+02 | 6.79e+02 | 1.58e-02 | 7.77e-16 | 1.00e+00 |  2.00e-02   |   4   |
|  302  |  302  | 5306  | +1.0892e+02 | 6.79e+02 | 1.58e-02 | 7.22e-16 | 1.00e+00 |  2.00e-02   |   4   |
|  303  |  303  | 5310  | +1.0891e+02 | 6.79e+02 | 1.58e-02 | 7.22e-16 | 1.00e+00 |  2.00e-02   |   4   |
|  304  |  304  | 5314  | +1.0891e+02 | 6.79e+02 | 1.58e-02 | 7.22e-16 | 1.00e+00 |  2.00e-02   |   4   |
|  305  |  305  | 5318  | +1.0890e+02 | 6.79e+02 | 1.58e-02 | 7.77e-16 | 1.00e+00 |  2.00e-02   |   4   |
|  306  |  306  | 5322  | +1.0890e+02 | 6.79e+02 | 1.58e-02 | 7.22e-16 | 1.00e+00 |  2.00e-02   |   4   |
|  307  |  307  | 5326  | +1.0889e+02 | 6.79e+02 | 1.58e-02 | 6.11e-16 | 1.00e+00 |  2.00e-02   |   4   |
|  308  |  308  | 5330  | +1.0889e+02 | 6.79e+02 | 1.58e-02 | 8.33e-16 | 1.00e+00 |  2.00e-02   |   4   |
|  309  |  309  | 5334  | +1.0888e+02 | 6.79e+02 | 1.58e-02 | 7.22e-16 | 1.00e+00 |  2.00e-02   |   4   |
|  310  |  310  | 5338  | +1.0888e+02 | 6.79e+02 | 1.58e-02 | 7.22e-16 | 1.00e+00 |  2.00e-02   |   4   |
|  311  |  311  | 5342  | +1.0887e+02 | 6.79e+02 | 1.58e-02 | 7.22e-16 | 1.00e+00 |  2.00e-02   |   4   |
|  312  |  312  | 5346  | +1.0887e+02 | 6.79e+02 | 1.58e-02 | 7.22e-16 | 1.00e+00 |  2.00e-02   |   4   |
|  313  |  313  | 5350  | +1.0886e+02 | 6.79e+02 | 1.58e-02 | 7.77e-16 | 1.00e+00 |  2.00e-02   |   4   |
|  314  |  314  | 5354  | +1.0886e+02 | 6.79e+02 | 1.58e-02 | 6.11e-16 | 1.00e+00 |  2.00e-02   |   4   |
|  315  |  315  | 5358  | +1.0885e+02 | 6.79e+02 | 1.58e-02 | 6.11e-16 | 1.00e+00 |  2.00e-02   |   4   |
|  316  |  316  | 5362  | +1.0885e+02 | 6.79e+02 | 1.58e-02 | 7.22e-16 | 1.00e+00 |  2.00e-02   |   4   |
|  317  |  317  | 5366  | +1.0884e+02 | 6.79e+02 | 1.58e-02 | 7.22e-16 | 1.00e+00 |  2.00e-02   |   4   |
|  318  |  318  | 5370  | +1.0884e+02 | 6.79e+02 | 1.58e-02 | 7.22e-16 | 1.00e+00 |  2.00e-02   |   4   |
|  319  |  319  | 5374  | +1.0883e+02 | 6.79e+02 | 1.58e-02 | 7.77e-16 | 1.00e+00 |  2.00e-02   |   4   |
|  320  |  320  | 5378  | +1.0883e+02 | 6.79e+02 | 1.58e-02 | 7.22e-16 | 1.00e+00 |  2.00e-02   |   4   |
|  321  |  321  | 5382  | +1.0882e+02 | 6.79e+02 | 1.58e-02 | 7.77e-16 | 1.00e+00 |  2.00e-02   |   4   |
|  322  |  322  | 5386  | +1.0882e+02 | 6.79e+02 | 1.58e-02 | 7.22e-16 | 1.00e+00 |  2.00e-02   |   4   |
|  323  |  323  | 5390  | +1.0881e+02 | 6.79e+02 | 1.58e-02 | 7.22e-16 | 1.00e+00 |  2.00e-02   |   4   |
|  324  |  324  | 5394  | +1.0881e+02 | 6.79e+02 | 1.58e-02 | 6.11e-16 | 1.00e+00 |  2.00e-02   |   4   |
|  325  |  325  | 5398  | +1.0880e+02 | 6.79e+02 | 1.58e-02 | 6.11e-16 | 1.00e+00 |  2.00e-02   |   4   |
|  326  |  326  | 5402  | +1.0880e+02 | 6.79e+02 | 1.58e-02 | 7.77e-16 | 1.00e+00 |  2.00e-02   |   4   |
|  327  |  327  | 5406  | +1.0879e+02 | 6.79e+02 | 1.58e-02 | 6.11e-16 | 1.00e+00 |  2.00e-02   |   4   |
|  328  |  328  | 5410  | +1.0879e+02 | 6.79e+02 | 1.58e-02 | 7.22e-16 | 1.00e+00 |  2.00e-02   |   4   |
|  329  |  329  | 5414  | +1.0879e+02 | 6.79e+02 | 1.58e-02 | 7.77e-16 | 1.00e+00 |  2.00e-02   |   4   |
|  330  |  330  | 5418  | +1.0878e+02 | 6.79e+02 | 1.58e-02 | 7.22e-16 | 1.00e+00 |  2.00e-02   |   4   |
|  331  |  331  | 5422  | +1.0878e+02 | 6.79e+02 | 1.58e-02 | 7.77e-16 | 1.00e+00 |  2.00e-02   |   4   |
|  332  |  332  | 5425  | +1.0877e+02 | 6.79e+02 | 1.58e-02 | 7.22e-16 | 1.00e+00 |  2.00e-02   |   4   |
|  333  |  333  | 5428  | +1.0877e+02 | 6.79e+02 | 1.58e-02 | 6.11e-16 | 1.00e+00 |  2.00e-02   |   4   |
|  334  |  334  | 5432  | +1.0877e+02 | 6.79e+02 | 1.58e-02 | 7.77e-16 | 1.00e+00 |  2.00e-02   |   4   |
|  335  |  335  | 5435  | +1.0876e+02 | 6.79e+02 | 1.58e-02 | 6.11e-16 | 1.00e+00 |  2.00e-02   |   4   |
|  336  |  336  | 5438  | +1.0876e+02 | 6.79e+02 | 1.58e-02 | 7.77e-16 | 1.00e+00 |  2.00e-02   |   4   |
|  337  |  337  | 5441  | +1.0876e+02 | 6.79e+02 | 1.58e-02 | 7.22e-16 | 1.00e+00 |  2.00e-02   |   4   |
|  338  |  338  | 5444  | +1.0875e+02 | 6.79e+02 | 1.58e-02 | 7.77e-16 | 1.00e+00 |  2.00e-02   |   4   |
|  339  |  339  | 5448  | +1.0875e+02 | 6.79e+02 | 1.58e-02 | 7.77e-16 | 1.00e+00 |  2.00e-02   |   4   |
|  340  |  340  | 5451  | +1.0875e+02 | 6.79e+02 | 1.58e-02 | 6.11e-16 | 1.00e+00 |  2.00e-02   |   4   |
|  341  |  341  | 5454  | +1.0874e+02 | 6.79e+02 | 1.58e-02 | 7.22e-16 | 1.00e+00 |  2.00e-02   |   4   |
|  342  |  342  | 5457  | +1.0874e+02 | 6.79e+02 | 1.58e-02 | 6.11e-16 | 1.00e+00 |  2.00e-02   |   4   |
|  343  |  343  | 5460  | +1.0874e+02 | 6.79e+02 | 1.58e-02 | 6.11e-16 | 1.00e+00 |  2.00e-02   |   4   |
|  344  |  344  | 5463  | +1.0873e+02 | 6.79e+02 | 1.58e-02 | 5.55e-16 | 1.00e+00 |  2.00e-02   |   4   |
|  345  |  345  | 5466  | +1.0873e+02 | 6.79e+02 | 1.58e-02 | 7.22e-16 | 1.00e+00 |  2.00e-02   |   4   |
|  346  |  346  | 5469  | +1.0873e+02 | 6.79e+02 | 1.58e-02 | 8.88e-16 | 1.00e+00 |  2.00e-02   |   4   |
|  347  |  347  | 5472  | +1.0873e+02 | 6.79e+02 | 1.58e-02 | 6.11e-16 | 1.00e+00 |  2.00e-02   |   4   |
|  348  |  348  | 5475  | +1.0872e+02 | 6.79e+02 | 1.58e-02 | 5.55e-16 | 1.00e+00 |  2.00e-02   |   4   |
|  349  |  349  | 5478  | +1.0872e+02 | 6.79e+02 | 1.58e-02 | 7.22e-16 | 1.00e+00 |  2.00e-02   |   4   |
|  350  |  350  | 5481  | +1.0872e+02 | 6.79e+02 | 1.58e-02 | 7.22e-16 | 1.00e+00 |  2.00e-02   |   4   |
|  351  |  351  | 5484  | +1.0871e+02 | 6.79e+02 | 1.58e-02 | 6.11e-16 | 1.00e+00 |  2.00e-02   |   4   |
|  352  |  352  | 5487  | +1.0871e+02 | 6.79e+02 | 1.58e-02 | 6.11e-16 | 1.00e+00 |  2.00e-02   |   4   |
|  353  |  353  | 5490  | +1.0871e+02 | 6.79e+02 | 1.58e-02 | 7.22e-16 | 1.00e+00 |  2.00e-02   |   4   |
|  354  |  354  | 5493  | +1.0871e+02 | 6.79e+02 | 1.58e-02 | 6.11e-16 | 1.00e+00 |  2.00e-02   |   4   |
|  355  |  355  | 5496  | +1.0870e+02 | 6.79e+02 | 1.58e-02 | 5.55e-16 | 1.00e+00 |  2.00e-02   |   4   |
|  356  |  356  | 5499  | +1.0870e+02 | 6.79e+02 | 1.58e-02 | 5.55e-16 | 1.00e+00 |  2.00e-02   |   4   |
|  357  |  357  | 5502  | +1.0870e+02 | 6.79e+02 | 1.58e-02 | 7.77e-16 | 1.00e+00 |  2.00e-02   |   4   |
|  358  |  358  | 5505  | +1.0869e+02 | 6.79e+02 | 1.58e-02 | 7.77e-16 | 1.00e+00 |  2.00e-02   |   4   |
|  359  |  359  | 5508  | +1.0869e+02 | 6.79e+02 | 1.58e-02 | 7.22e-16 | 1.00e+00 |  2.00e-02   |   4   |
|  360  |  360  | 5511  | +1.0869e+02 | 6.79e+02 | 1.58e-02 | 7.22e-16 | 1.00e+00 |  2.00e-02   |   4   |
|  361  |  361  | 5514  | +1.0869e+02 | 6.79e+02 | 1.58e-02 | 7.22e-16 | 1.00e+00 |  2.00e-02   |   4   |
|  362  |  362  | 5517  | +1.0868e+02 | 6.79e+02 | 1.58e-02 | 6.11e-16 | 1.00e+00 |  2.00e-02   |   4   |
|  363  |  363  | 5520  | +1.0868e+02 | 6.79e+02 | 1.58e-02 | 5.55e-16 | 1.00e+00 |  2.00e-02   |   4   |
|  364  |  364  | 5523  | +1.0868e+02 | 6.79e+02 | 1.58e-02 | 7.22e-16 | 1.00e+00 |  2.00e-02   |   4   |
|  365  |  365  | 5526  | +1.0867e+02 | 6.79e+02 | 1.58e-02 | 7.22e-16 | 1.00e+00 |  2.00e-02   |   4   |
|  366  |  366  | 5529  | +1.0867e+02 | 6.79e+02 | 1.58e-02 | 6.11e-16 | 1.00e+00 |  2.00e-02   |   4   |
|  367  |  367  | 5532  | +1.0867e+02 | 6.79e+02 | 1.58e-02 | 7.22e-16 | 1.00e+00 |  2.00e-02   |   4   |
|  368  |  368  | 5535  | +1.0867e+02 | 6.79e+02 | 1.58e-02 | 6.11e-16 | 1.00e+00 |  2.00e-02   |   4   |
|  369  |  369  | 5538  | +1.0866e+02 | 6.79e+02 | 1.58e-02 | 7.22e-16 | 1.00e+00 |  2.00e-02   |   4   |
|  370  |  370  | 5541  | +1.0866e+02 | 6.79e+02 | 1.58e-02 | 5.00e-16 | 1.00e+00 |  2.00e-02   |   4   |
|  371  |  371  | 5544  | +1.0866e+02 | 6.79e+02 | 1.58e-02 | 6.11e-16 | 1.00e+00 |  2.00e-02   |   4   |
|  372  |  372  | 5547  | +1.0866e+02 | 6.79e+02 | 1.58e-02 | 7.22e-16 | 1.00e+00 |  2.00e-02   |   4   |
|  373  |  373  | 5550  | +1.0865e+02 | 6.79e+02 | 1.58e-02 | 7.22e-16 | 1.00e+00 |  2.00e-02   |   4   |
|  374  |  374  | 5553  | +1.0865e+02 | 6.79e+02 | 1.58e-02 | 7.77e-16 | 1.00e+00 |  2.00e-02   |   4   |
|  375  |  375  | 5556  | +1.0865e+02 | 6.79e+02 | 1.58e-02 | 6.11e-16 | 1.00e+00 |  2.00e-02   |   4   |
|  376  |  376  | 5559  | +1.0865e+02 | 6.79e+02 | 1.58e-02 | 8.88e-16 | 1.00e+00 |  2.00e-02   |   4   |
|  377  |  377  | 5562  | +1.0864e+02 | 6.79e+02 | 1.58e-02 | 6.11e-16 | 1.00e+00 |  2.00e-02   |   4   |
|  378  |  378  | 5565  | +1.0864e+02 | 6.79e+02 | 1.58e-02 | 6.11e-16 | 1.00e+00 |  2.00e-02   |   4   |
|  379  |  379  | 5568  | +1.0864e+02 | 6.79e+02 | 1.58e-02 | 7.77e-16 | 1.00e+00 |  2.00e-02   |   4   |
|  380  |  380  | 5571  | +1.0864e+02 | 6.79e+02 | 1.59e-02 | 6.11e-16 | 1.00e+00 |  2.00e-02   |   4   |
|  381  |  381  | 5574  | +1.0863e+02 | 6.79e+02 | 1.59e-02 | 7.22e-16 | 1.00e+00 |  2.00e-02   |   4   |
|  382  |  382  | 5577  | +1.0863e+02 | 6.79e+02 | 1.59e-02 | 7.77e-16 | 1.00e+00 |  2.00e-02   |   4   |
|  383  |  383  | 5580  | +1.0863e+02 | 6.79e+02 | 1.59e-02 | 5.55e-16 | 1.00e+00 |  2.00e-02   |   4   |
|  384  |  384  | 5583  | +1.0863e+02 | 6.79e+02 | 1.59e-02 | 5.55e-16 | 1.00e+00 |  2.00e-02   |   4   |
|  385  |  385  | 5586  | +1.0862e+02 | 6.79e+02 | 1.59e-02 | 6.11e-16 | 1.00e+00 |  2.00e-02   |   4   |
|  386  |  386  | 5589  | +1.0862e+02 | 6.79e+02 | 1.59e-02 | 6.11e-16 | 1.00e+00 |  2.00e-02   |   4   |
|  387  |  387  | 5592  | +1.0862e+02 | 6.79e+02 | 1.59e-02 | 5.00e-16 | 1.00e+00 |  2.00e-02   |   4   |
|  388  |  388  | 5595  | +1.0862e+02 | 6.79e+02 | 1.59e-02 | 8.33e-16 | 1.00e+00 |  2.00e-02   |   4   |
|  389  |  389  | 5598  | +1.0861e+02 | 6.79e+02 | 1.59e-02 | 7.22e-16 | 1.00e+00 |  2.00e-02   |   4   |
|  390  |  390  | 5601  | +1.0861e+02 | 6.79e+02 | 1.59e-02 | 7.22e-16 | 1.00e+00 |  2.00e-02   |   4   |
|  391  |  391  | 5604  | +1.0861e+02 | 6.79e+02 | 1.59e-02 | 7.22e-16 | 1.00e+00 |  2.00e-02   |   4   |
|  392  |  392  | 5607  | +1.0861e+02 | 6.79e+02 | 1.59e-02 | 7.22e-16 | 1.00e+00 |  2.00e-02   |   4   |
|  393  |  393  | 5610  | +1.0860e+02 | 6.79e+02 | 1.59e-02 | 6.11e-16 | 1.00e+00 |  2.00e-02   |   4   |
|  394  |  394  | 5613  | +1.0860e+02 | 6.79e+02 | 1.59e-02 | 7.77e-16 | 1.00e+00 |  2.00e-02   |   4   |
|  395  |  395  | 5616  | +1.0860e+02 | 6.79e+02 | 1.59e-02 | 6.11e-16 | 1.00e+00 |  2.00e-02   |   4   |
|  396  |  396  | 5619  | +1.0860e+02 | 6.79e+02 | 1.59e-02 | 6.11e-16 | 1.00e+00 |  2.00e-02   |   4   |
|  397  |  397  | 5622  | +1.0860e+02 | 6.79e+02 | 1.59e-02 | 7.22e-16 | 1.00e+00 |  2.00e-02   |   4   |
|  398  |  398  | 5625  | +1.0859e+02 | 6.79e+02 | 1.59e-02 | 5.55e-16 | 1.00e+00 |  2.00e-02   |   4   |
|  399  |  399  | 5628  | +1.0859e+02 | 6.79e+02 | 1.59e-02 | 7.77e-16 | 1.00e+00 |  2.00e-02   |   4   |
|  400  |  400  | 5631  | +1.0859e+02 | 6.79e+02 | 1.59e-02 | 6.11e-16 | 1.00e+00 |  2.00e-02   |   4   |
|  401  |  401  | 5634  | +1.0859e+02 | 6.79e+02 | 1.59e-02 | 7.22e-16 | 1.00e+00 |  2.00e-02   |   4   |
|  402  |  402  | 5637  | +1.0858e+02 | 6.79e+02 | 1.59e-02 | 6.11e-16 | 1.00e+00 |  2.00e-02   |   4   |
|  403  |  403  | 5640  | +1.0858e+02 | 6.79e+02 | 1.59e-02 | 5.55e-16 | 1.00e+00 |  2.00e-02   |   4   |
|  404  |  404  | 5643  | +1.0858e+02 | 6.79e+02 | 1.59e-02 | 7.22e-16 | 1.00e+00 |  2.00e-02   |   4   |
|  405  |  405  | 5646  | +1.0858e+02 | 6.79e+02 | 1.59e-02 | 7.22e-16 | 1.00e+00 |  2.00e-02   |   4   |
|  406  |  406  | 5649  | +1.0858e+02 | 6.79e+02 | 1.59e-02 | 7.22e-16 | 1.00e+00 |  2.00e-02   |   4   |
|  407  |  407  | 5652  | +1.0857e+02 | 6.79e+02 | 1.59e-02 | 6.11e-16 | 1.00e+00 |  2.00e-02   |   4   |
|  408  |  408  | 5655  | +1.0857e+02 | 6.79e+02 | 1.59e-02 | 7.22e-16 | 1.00e+00 |  2.00e-02   |   4   |
|  409  |  409  | 5658  | +1.0857e+02 | 6.79e+02 | 1.59e-02 | 7.22e-16 | 1.00e+00 |  2.00e-02   |   4   |
|  410  |  410  | 5661  | +1.0857e+02 | 6.79e+02 | 1.59e-02 | 5.55e-16 | 1.00e+00 |  2.00e-02   |   4   |
|  411  |  411  | 5664  | +1.0857e+02 | 6.79e+02 | 1.59e-02 | 6.11e-16 | 1.00e+00 |  2.00e-02   |   4   |
|  412  |  412  | 5667  | +1.0856e+02 | 6.79e+02 | 1.59e-02 | 5.55e-16 | 1.00e+00 |  2.00e-02   |   4   |
|  413  |  413  | 5670  | +1.0856e+02 | 6.79e+02 | 1.59e-02 | 7.22e-16 | 1.00e+00 |  2.00e-02   |   4   |
|  414  |  414  | 5673  | +1.0856e+02 | 6.79e+02 | 1.59e-02 | 7.22e-16 | 1.00e+00 |  2.00e-02   |   4   |
|  415  |  415  | 5676  | +1.0856e+02 | 6.79e+02 | 1.59e-02 | 6.11e-16 | 1.00e+00 |  2.00e-02   |   4   |
|  416  |  416  | 5679  | +1.0856e+02 | 6.79e+02 | 1.59e-02 | 7.77e-16 | 1.00e+00 |  2.00e-02   |   4   |
|  417  |  417  | 5682  | +1.0855e+02 | 6.79e+02 | 1.59e-02 | 7.22e-16 | 1.00e+00 |  2.00e-02   |   4   |
|  418  |  418  | 5685  | +1.0855e+02 | 6.79e+02 | 1.59e-02 | 6.11e-16 | 1.00e+00 |  2.00e-02   |   4   |
|  419  |  419  | 5688  | +1.0855e+02 | 6.79e+02 | 1.59e-02 | 5.00e-16 | 1.00e+00 |  2.00e-02   |   4   |
|  420  |  420  | 5691  | +1.0855e+02 | 6.79e+02 | 1.59e-02 | 5.55e-16 | 1.00e+00 |  2.00e-02   |   4   |
|  421  |  421  | 5694  | +1.0855e+02 | 6.79e+02 | 1.59e-02 | 5.00e-16 | 1.00e+00 |  2.00e-02   |   4   |
|  422  |  422  | 5697  | +1.0854e+02 | 6.79e+02 | 1.60e-02 | 7.22e-16 | 1.00e+00 |  2.00e-02   |   4   |
|  423  |  423  | 5700  | +1.0854e+02 | 6.79e+02 | 1.60e-02 | 5.55e-16 | 1.00e+00 |  2.00e-02   |   4   |
|  424  |  424  | 5703  | +1.0854e+02 | 6.79e+02 | 1.60e-02 | 6.11e-16 | 1.00e+00 |  2.00e-02   |   4   |
|  425  |  425  | 5706  | +1.0854e+02 | 6.79e+02 | 1.60e-02 | 7.77e-16 | 1.00e+00 |  2.00e-02   |   4   |
|  426  |  426  | 5709  | +1.0854e+02 | 6.79e+02 | 1.60e-02 | 6.11e-16 | 1.00e+00 |  2.00e-02   |   4   |
|  427  |  427  | 5712  | +1.0853e+02 | 6.79e+02 | 1.60e-02 | 7.22e-16 | 1.00e+00 |  2.00e-02   |   4   |
|  428  |  428  | 5715  | +1.0853e+02 | 6.79e+02 | 1.60e-02 | 7.77e-16 | 1.00e+00 |  2.00e-02   |   4   |
|  429  |  429  | 5718  | +1.0853e+02 | 6.79e+02 | 1.60e-02 | 7.22e-16 | 1.00e+00 |  2.00e-02   |   4   |
|  430  |  430  | 5721  | +1.0853e+02 | 6.79e+02 | 1.60e-02 | 7.22e-16 | 1.00e+00 |  2.00e-02   |   4   |
|  431  |  431  | 5724  | +1.0853e+02 | 6.79e+02 | 1.60e-02 | 7.77e-16 | 1.00e+00 |  2.00e-02   |   4   |
|  432  |  432  | 5727  | +1.0853e+02 | 6.79e+02 | 1.60e-02 | 7.22e-16 | 1.00e+00 |  2.00e-02   |   4   |
|  433  |  433  | 5730  | +1.0852e+02 | 6.79e+02 | 1.60e-02 | 6.11e-16 | 1.00e+00 |  2.00e-02   |   4   |
|  434  |  434  | 5733  | +1.0852e+02 | 6.79e+02 | 1.60e-02 | 6.11e-16 | 1.00e+00 |  2.00e-02   |   4   |
|  435  |  435  | 5736  | +1.0852e+02 | 6.79e+02 | 1.60e-02 | 5.00e-16 | 1.00e+00 |  2.00e-02   |   4   |
|  436  |  436  | 5739  | +1.0852e+02 | 6.79e+02 | 1.60e-02 | 6.11e-16 | 1.00e+00 |  2.00e-02   |   4   |
|  437  |  437  | 5742  | +1.0852e+02 | 6.79e+02 | 1.60e-02 | 5.55e-16 | 1.00e+00 |  2.00e-02   |   4   |
|  438  |  438  | 5745  | +1.0851e+02 | 6.79e+02 | 1.60e-02 | 7.77e-16 | 1.00e+00 |  2.00e-02   |   4   |
|  439  |  439  | 5748  | +1.0851e+02 | 6.79e+02 | 1.60e-02 | 7.22e-16 | 1.00e+00 |  2.00e-02   |   4   |
|  440  |  440  | 5750  | +1.0851e+02 | 6.79e+02 | 1.60e-02 | 6.11e-16 | 1.00e+00 |  2.00e-02   |   4   |
|  441  |  441  | 5754  | +1.0842e+02 | 6.79e+02 | 1.58e-02 | 6.11e-16 | 1.00e+00 |  2.00e-02   |   4   |
|  442  |  442  | 5763  | +1.0835e+02 | 6.79e+02 | 1.57e-02 | 5.00e-16 | 1.00e+00 |  2.00e-02   |   4   |
|  443  |  443  | 5773  | +1.0830e+02 | 6.79e+02 | 1.56e-02 | 5.55e-16 | 1.00e+00 |  2.00e-02   |   4   |
|  444  |  444  | 5784  | +1.0827e+02 | 6.79e+02 | 1.56e-02 | 7.77e-16 | 1.00e+00 |  2.00e-02   |   4   |
|  445  |  446  | 5797  | +1.0827e+02 | 6.79e+01 | 1.56e-02 | 7.77e-16 | 1.00e+00 |  2.00e-02   |   4   |
|  446  |  448  | 5814  | +1.0827e+02 | 6.79e+00 | 1.56e-02 | 7.77e-16 | 1.00e+00 |  2.00e-02   |   4   |
|  447  |  450  | 5828  | +1.0827e+02 | 6.79e-01 | 1.56e-02 | 7.77e-16 | 1.00e+00 |  2.00e-02   |   4   |
|  448  |  451  | 5845  | +1.0823e+02 | 6.79e-01 | 1.55e-02 | 6.11e-16 | 1.00e+00 |  2.00e-02   |   4   |
|  449  |  453  | 5859  | +1.0823e+02 | 1.78e-01 | 1.55e-02 | 6.11e-16 | 1.00e+00 |  2.00e-02   |   4   |
|  450  |  454  | 5871  | +1.0822e+02 | 1.78e-01 | 1.55e-02 | 6.11e-16 | 1.00e+00 |  2.00e-02   |   2   |
|  451  |  456  | 5881  | +1.0822e+02 | 8.91e-02 | 1.55e-02 | 6.11e-16 | 1.00e+00 |  2.00e-02   |   4   |
|  452  |  458  | 5888  | +1.0822e+02 | 4.46e-02 | 1.55e-02 | 6.11e-16 | 1.00e+00 |  2.00e-02   |   2   |
|  453  |  459  | 5893  | +1.0822e+02 | 4.46e-02 | 1.55e-02 | 6.11e-16 | 1.00e+00 |  2.00e-02   |   2   |
|  454  |  460  | 5896  | +1.0822e+02 | 8.91e-02 | 1.55e-02 | 6.11e-16 | 1.00e+00 |  2.00e-02   |   2   |
|  455  |  461  | 5899  | +1.0822e+02 | 8.91e-02 | 1.54e-02 | 8.33e-16 | 1.00e+00 |  2.00e-02   |   2   |
|  456  |  462  | 5903  | +1.0822e+02 | 8.91e-02 | 1.52e-02 | 6.11e-16 | 1.00e+00 |  2.00e-02   |   2   |
|  457  |  463  | 5907  | +1.0822e+02 | 8.91e-02 | 1.49e-02 | 6.11e-16 | 1.00e+00 |  2.00e-02   |   2   |
|  458  |  464  | 5910  | +1.0822e+02 | 8.91e-02 | 1.45e-02 | 5.55e-16 | 1.00e+00 |  2.00e-02   |   2   |
|  459  |  465  | 5913  | +1.0822e+02 | 8.91e-02 | 1.40e-02 | 5.55e-16 | 1.00e+00 |  2.00e-02   |   2   |
|  460  |  466  | 5916  | +1.0822e+02 | 8.91e-02 | 1.36e-02 | 5.55e-16 | 1.00e+00 |  2.00e-02   |   2   |
|  461  |  467  | 5919  | +1.0821e+02 | 8.91e-02 | 1.32e-02 | 7.22e-16 | 1.00e+00 |  2.00e-02   |   2   |
|  462  |  468  | 5922  | +1.0821e+02 | 8.91e-02 | 1.28e-02 | 6.11e-16 | 1.00e+00 |  2.00e-02   |   2   |
|  463  |  469  | 5925  | +1.0821e+02 | 8.91e-02 | 1.25e-02 | 5.55e-16 | 1.00e+00 |  2.00e-02   |   2   |
|  464  |  471  | 5928  | +1.0821e+02 | 4.46e-02 | 1.25e-02 | 5.55e-16 | 1.00e+00 |  2.00e-02   |   2   |
|  465  |  473  | 5931  | +1.0821e+02 | 2.23e-02 | 1.25e-02 | 5.55e-16 | 1.00e+00 |  2.00e-02   |   2   |
|  466  |  475  | 5934  | +1.0821e+02 | 1.11e-02 | 1.25e-02 | 5.55e-16 | 1.00e+00 |  2.00e-02   |   2   |
|  467  |  477  | 5937  | +1.0821e+02 | 5.57e-03 | 1.25e-02 | 5.55e-16 | 1.00e+00 |  2.00e-02   |   2   |
|  468  |  478  | 5940  | +1.0821e+02 | 5.57e-03 | 1.24e-02 | 5.55e-16 | 1.00e+00 |  2.00e-02   |   2   |
|  469  |  479  | 5943  | +1.0821e+02 | 5.57e-03 | 1.24e-02 | 7.22e-16 | 1.00e+00 |  2.00e-02   |   2   |
|  470  |  480  | 5945  | +1.0821e+02 | 5.57e-03 | 1.23e-02 | 5.55e-16 | 1.00e+00 |  2.00e-02   |   2   |
|  471  |  481  | 5946  | +1.0821e+02 | 5.57e-03 | 1.22e-02 | 5.55e-16 | 1.00e+00 |  2.00e-02   |   2   |
|  472  |  482  | 5947  | +1.0821e+02 | 5.57e-03 | 1.21e-02 | 5.55e-16 | 1.00e+00 |  2.00e-02   |   2   |
|  473  |  483  | 5948  | +1.0821e+02 | 5.57e-03 | 1.20e-02 | 7.77e-16 | 1.00e+00 |  2.00e-02   |   2   |
|  474  |  484  | 5949  | +1.0821e+02 | 5.57e-03 | 1.19e-02 | 5.55e-16 | 1.00e+00 |  2.00e-02   |   2   |
|  475  |  485  | 5950  | +1.0821e+02 | 5.57e-03 | 1.19e-02 | 6.11e-16 | 1.00e+00 |  2.00e-02   |   2   |
|  476  |  486  | 5951  | +1.0821e+02 | 5.57e-03 | 1.18e-02 | 6.11e-16 | 1.00e+00 |  2.00e-02   |   2   |
|  477  |  487  | 5952  | +1.0821e+02 | 5.57e-03 | 1.17e-02 | 7.77e-16 | 1.00e+00 |  2.00e-02   |   2   |
|  478  |  488  | 5953  | +1.0821e+02 | 5.57e-03 | 1.16e-02 | 6.11e-16 | 1.00e+00 |  2.00e-02   |   2   |
|  479  |  489  | 5954  | +1.0821e+02 | 5.57e-03 | 1.15e-02 | 7.22e-16 | 1.00e+00 |  2.00e-02   |   2   |
|  480  |  490  | 5955  | +1.0821e+02 | 5.57e-03 | 1.15e-02 | 6.11e-16 | 1.00e+00 |  2.00e-02   |   2   |
|  481  |  491  | 5956  | +1.0821e+02 | 5.57e-03 | 1.14e-02 | 6.11e-16 | 1.00e+00 |  2.00e-02   |   2   |
|  482  |  492  | 5957  | +1.0821e+02 | 5.57e-03 | 1.13e-02 | 6.11e-16 | 1.00e+00 |  2.00e-02   |   2   |
|  483  |  493  | 5958  | +1.0821e+02 | 5.57e-03 | 1.12e-02 | 6.11e-16 | 1.00e+00 |  2.00e-02   |   2   |
|  484  |  494  | 5959  | +1.0821e+02 | 5.57e-03 | 1.11e-02 | 8.33e-16 | 1.00e+00 |  2.00e-02   |   2   |
|  485  |  495  | 5960  | +1.0821e+02 | 5.57e-03 | 1.11e-02 | 5.55e-16 | 1.00e+00 |  2.00e-02   |   2   |
|  486  |  496  | 5961  | +1.0821e+02 | 5.57e-03 | 1.10e-02 | 6.11e-16 | 1.00e+00 |  2.00e-02   |   2   |
|  487  |  497  | 5962  | +1.0821e+02 | 5.57e-03 | 1.09e-02 | 6.11e-16 | 1.00e+00 |  2.00e-02   |   2   |
|  488  |  498  | 5963  | +1.0821e+02 | 5.57e-03 | 1.08e-02 | 6.11e-16 | 1.00e+00 |  2.00e-02   |   2   |
|  489  |  499  | 5964  | +1.0821e+02 | 5.57e-03 | 1.08e-02 | 5.55e-16 | 1.00e+00 |  2.00e-02   |   2   |
|  490  |  500  | 5965  | +1.0821e+02 | 5.57e-03 | 1.07e-02 | 7.22e-16 | 1.00e+00 |  2.00e-02   |   2   |
|  491  |  501  | 5966  | +1.0821e+02 | 5.57e-03 | 1.06e-02 | 6.11e-16 | 1.00e+00 |  2.00e-02   |   2   |
|  492  |  502  | 5967  | +1.0821e+02 | 5.57e-03 | 1.05e-02 | 6.11e-16 | 1.00e+00 |  2.00e-02   |   2   |
|  493  |  503  | 5968  | +1.0821e+02 | 5.57e-03 | 1.05e-02 | 7.22e-16 | 1.00e+00 |  2.00e-02   |   2   |
|  494  |  504  | 5969  | +1.0821e+02 | 5.57e-03 | 1.04e-02 | 5.00e-16 | 1.00e+00 |  2.00e-02   |   2   |
|  495  |  505  | 5970  | +1.0821e+02 | 5.57e-03 | 1.03e-02 | 6.11e-16 | 1.00e+00 |  2.00e-02   |   2   |
|  496  |  506  | 5971  | +1.0821e+02 | 5.57e-03 | 1.02e-02 | 5.55e-16 | 1.00e+00 |  2.00e-02   |   2   |
|  497  |  507  | 5972  | +1.0821e+02 | 5.57e-03 | 1.02e-02 | 7.77e-16 | 1.00e+00 |  2.00e-02   |   2   |
|  498  |  508  | 5973  | +1.0821e+02 | 5.57e-03 | 1.01e-02 | 7.22e-16 | 1.00e+00 |  2.00e-02   |   2   |
|  499  |  509  | 5974  | +1.0821e+02 | 5.57e-03 | 1.00e-02 | 5.00e-16 | 1.00e+00 |  2.00e-02   |   2   |
|  500  |  510  | 5975  | +1.0821e+02 | 5.57e-03 | 9.96e-03 | 7.22e-16 | 1.00e+00 |  2.00e-02   |   2   |
|  501  |  511  | 5976  | +1.0821e+02 | 5.57e-03 | 9.89e-03 | 5.55e-16 | 1.00e+00 |  2.00e-02   |   2   |
|  502  |  512  | 5977  | +1.0821e+02 | 5.57e-03 | 9.82e-03 | 5.55e-16 | 1.00e+00 |  2.00e-02   |   2   |
|  503  |  513  | 5978  | +1.0821e+02 | 5.57e-03 | 9.75e-03 | 7.22e-16 | 1.00e+00 |  2.00e-02   |   2   |
|  504  |  514  | 5979  | +1.0821e+02 | 5.57e-03 | 9.68e-03 | 7.22e-16 | 1.00e+00 |  2.00e-02   |   2   |
|  505  |  515  | 5980  | +1.0821e+02 | 5.57e-03 | 9.61e-03 | 5.55e-16 | 1.00e+00 |  2.00e-02   |   2   |
|  506  |  516  | 5981  | +1.0821e+02 | 5.57e-03 | 9.54e-03 | 5.55e-16 | 1.00e+00 |  2.00e-02   |   2   |
|  507  |  517  | 5982  | +1.0821e+02 | 5.57e-03 | 9.47e-03 | 7.22e-16 | 1.00e+00 |  2.00e-02   |   2   |
|  508  |  518  | 5983  | +1.0821e+02 | 5.57e-03 | 9.41e-03 | 7.22e-16 | 1.00e+00 |  2.00e-02   |   2   |
|  509  |  519  | 5984  | +1.0821e+02 | 5.57e-03 | 9.34e-03 | 6.11e-16 | 1.00e+00 |  2.00e-02   |   2   |
|  510  |  519  | 5984  | +1.0821e+02 | 1.00e+00 | 9.50e-03 | 6.11e-16 | 1.00e+00 |  4.00e-03   |   0   |
|  511  |  520  | 5986  | +1.0740e+02 | 7.00e+00 | 7.68e-03 | 5.55e-16 | 1.00e+00 |  4.00e-03   |   2   |
|  512  |  521  | 5988  | +1.0191e+02 | 4.90e+01 | 3.64e-03 | 6.11e-16 | 1.00e+00 |  4.00e-03   |   2   |
|  513  |  522  | 6029  | +9.5527e+01 | 8.01e+01 | 4.39e-03 | 6.11e-16 | 1.00e+00 |  4.00e-03   |   4   |
|  514  |  523  | 6085  | +9.2521e+01 | 8.01e+01 | 4.84e-03 | 6.11e-16 | 1.00e+00 |  4.00e-03   |   4   |
|  515  |  524  | 6135  | +9.1279e+01 | 8.01e+01 | 5.29e-03 | 6.11e-16 | 1.00e+00 |  4.00e-03   |   4   |
|  516  |  525  | 6173  | +9.0809e+01 | 8.01e+01 | 5.13e-03 | 5.55e-16 | 1.00e+00 |  4.00e-03   |   4   |
|  517  |  526  | 6213  | +9.0568e+01 | 8.01e+01 | 4.89e-03 | 5.55e-16 | 1.00e+00 |  4.00e-03   |   4   |
|  518  |  528  | 6259  | +9.0568e+01 | 8.01e+00 | 4.89e-03 | 5.55e-16 | 1.00e+00 |  4.00e-03   |   4   |
|  519  |  530  | 6304  | +9.0568e+01 | 8.01e-01 | 4.89e-03 | 5.55e-16 | 1.00e+00 |  4.00e-03   |   4   |
|  520  |  532  | 6315  | +9.0568e+01 | 3.28e-01 | 4.89e-03 | 5.55e-16 | 1.00e+00 |  4.00e-03   |   2   |
|  521  |  534  | 6320  | +9.0568e+01 | 1.64e-01 | 4.89e-03 | 5.55e-16 | 1.00e+00 |  4.00e-03   |   2   |
|  522  |  536  | 6325  | +9.0568e+01 | 8.19e-02 | 4.89e-03 | 5.55e-16 | 1.00e+00 |  4.00e-03   |   2   |
|  523  |  538  | 6328  | +9.0568e+01 | 4.10e-02 | 4.89e-03 | 5.55e-16 | 1.00e+00 |  4.00e-03   |   2   |
|  524  |  539  | 6331  | +9.0567e+01 | 4.10e-02 | 4.85e-03 | 5.55e-16 | 1.00e+00 |  4.00e-03   |   2   |
|  525  |  540  | 6334  | +9.0566e+01 | 8.19e-02 | 4.81e-03 | 5.55e-16 | 1.00e+00 |  4.00e-03   |   2   |
|  526  |  541  | 6336  | +9.0561e+01 | 1.64e-01 | 4.70e-03 | 6.11e-16 | 1.00e+00 |  4.00e-03   |   2   |
|  527  |  542  | 6337  | +9.0552e+01 | 3.28e-01 | 4.48e-03 | 5.55e-16 | 1.00e+00 |  4.00e-03   |   2   |
|  528  |  543  | 6338  | +9.0536e+01 | 6.56e-01 | 4.04e-03 | 5.55e-16 | 1.00e+00 |  4.00e-03   |   2   |
|  529  |  544  | 6339  | +9.0508e+01 | 1.31e+00 | 3.43e-03 | 5.55e-16 | 1.00e+00 |  4.00e-03   |   2   |
|  530  |  545  | 6344  | +9.0443e+01 | 2.62e+00 | 3.18e-03 | 5.55e-16 | 1.00e+00 |  4.00e-03   |   2   |
|  531  |  546  | 6377  | +9.0332e+01 | 1.07e+01 | 4.05e-03 | 5.00e-16 | 1.00e+00 |  4.00e-03   |   4   |
|  532  |  547  | 6412  | +9.0231e+01 | 1.07e+01 | 4.53e-03 | 7.22e-16 | 1.00e+00 |  4.00e-03   |   4   |
|  533  |  548  | 6449  | +9.0127e+01 | 1.07e+01 | 5.00e-03 | 5.55e-16 | 1.00e+00 |  4.00e-03   |   4   |
|  534  |  549  | 6482  | +9.0017e+01 | 1.07e+01 | 5.37e-03 | 7.22e-16 | 1.00e+00 |  4.00e-03   |   4   |
|  535  |  550  | 6511  | +8.9858e+01 | 1.07e+01 | 5.64e-03 | 7.77e-16 | 1.00e+00 |  4.00e-03   |   4   |
|  536  |  551  | 6542  | +8.9647e+01 | 1.07e+01 | 6.37e-03 | 7.22e-16 | 1.00e+00 |  4.00e-03   |   4   |
|  537  |  552  | 6574  | +8.9496e+01 | 1.07e+01 | 8.07e-03 | 5.55e-16 | 1.00e+00 |  4.00e-03   |   4   |
|  538  |  553  | 6603  | +8.9421e+01 | 1.07e+01 | 9.36e-03 | 8.33e-16 | 1.00e+00 |  4.00e-03   |   4   |
|  539  |  554  | 6632  | +8.9386e+01 | 1.07e+01 | 1.05e-02 | 6.11e-16 | 1.00e+00 |  4.00e-03   |   4   |
|  540  |  555  | 6664  | +8.9358e+01 | 1.07e+01 | 1.11e-02 | 7.22e-16 | 1.00e+00 |  4.00e-03   |   4   |
|  541  |  556  | 6696  | +8.9300e+01 | 1.07e+01 | 1.12e-02 | 6.11e-16 | 1.00e+00 |  4.00e-03   |   4   |
|  542  |  557  | 6730  | +8.9183e+01 | 1.07e+01 | 1.06e-02 | 7.22e-16 | 1.00e+00 |  4.00e-03   |   4   |
|  543  |  558  | 6766  | +8.9026e+01 | 1.10e+01 | 1.01e-02 | 5.55e-16 | 1.00e+00 |  4.00e-03   |   4   |
|  544  |  559  | 6808  | +8.8850e+01 | 1.31e+01 | 9.84e-03 | 7.22e-16 | 1.00e+00 |  4.00e-03   |   4   |
|  545  |  560  | 6850  | +8.8694e+01 | 1.41e+01 | 9.88e-03 | 7.22e-16 | 1.00e+00 |  4.00e-03   |   4   |
|  546  |  561  | 6891  | +8.8569e+01 | 1.41e+01 | 1.00e-02 | 7.22e-16 | 1.00e+00 |  4.00e-03   |   4   |
|  547  |  562  | 6935  | +8.8456e+01 | 1.65e+01 | 9.46e-03 | 7.22e-16 | 1.00e+00 |  4.00e-03   |   4   |
|  548  |  563  | 6984  | +8.8341e+01 | 1.67e+01 | 8.40e-03 | 7.77e-16 | 1.00e+00 |  4.00e-03   |   4   |
|  549  |  564  | 7032  | +8.8205e+01 | 1.67e+01 | 6.99e-03 | 5.55e-16 | 1.00e+00 |  4.00e-03   |   4   |
|  550  |  565  | 7089  | +8.8094e+01 | 1.83e+01 | 5.92e-03 | 7.22e-16 | 1.00e+00 |  4.00e-03   |   4   |
|  551  |  566  | 7142  | +8.7985e+01 | 1.91e+01 | 5.72e-03 | 6.11e-16 | 1.00e+00 |  4.00e-03   |   4   |
|  552  |  567  | 7199  | +8.7913e+01 | 1.91e+01 | 5.70e-03 | 7.22e-16 | 1.00e+00 |  4.00e-03   |   4   |
|  553  |  568  | 7254  | +8.7850e+01 | 1.91e+01 | 5.49e-03 | 6.11e-16 | 1.00e+00 |  4.00e-03   |   4   |
|  554  |  569  | 7307  | +8.7840e+01 | 1.91e+01 | 4.98e-03 | 7.22e-16 | 1.00e+00 |  4.00e-03   |   4   |
|  555  |  571  | 7365  | +8.7840e+01 | 1.91e+00 | 4.98e-03 | 7.22e-16 | 1.00e+00 |  4.00e-03   |   4   |
|  556  |  572  | 7389  | +8.7770e+01 | 1.34e+01 | 4.20e-03 | 6.11e-16 | 1.00e+00 |  4.00e-03   |   2   |
|  557  |  573  | 7435  | +8.7684e+01 | 2.12e+01 | 3.56e-03 | 5.55e-16 | 1.00e+00 |  4.00e-03   |   4   |
|  558  |  574  | 7489  | +8.7630e+01 | 2.12e+01 | 3.40e-03 | 6.11e-16 | 1.00e+00 |  4.00e-03   |   4   |
|  559  |  576  | 7543  | +8.7630e+01 | 2.12e+00 | 3.40e-03 | 6.11e-16 | 1.00e+00 |  4.00e-03   |   4   |
|  560  |  577  | 7573  | +8.7612e+01 | 2.12e+00 | 3.03e-03 | 6.11e-16 | 1.00e+00 |  4.00e-03   |   2   |
|  561  |  578  | 7605  | +8.7578e+01 | 4.25e+00 | 2.84e-03 | 6.11e-16 | 1.00e+00 |  4.00e-03   |   2   |
|  562  |  579  | 7652  | +8.7575e+01 | 4.25e+00 | 2.70e-03 | 5.55e-16 | 1.00e+00 |  4.00e-03   |   4   |
|  563  |  581  | 7690  | +8.7575e+01 | 4.25e-01 | 2.70e-03 | 5.55e-16 | 1.00e+00 |  4.00e-03   |   4   |
|  564  |  583  | 7703  | +8.7575e+01 | 1.59e-01 | 2.70e-03 | 5.55e-16 | 1.00e+00 |  4.00e-03   |   2   |
|  565  |  585  | 7709  | +8.7575e+01 | 7.95e-02 | 2.70e-03 | 5.55e-16 | 1.00e+00 |  4.00e-03   |   2   |
|  566  |  586  | 7712  | +8.7575e+01 | 7.95e-02 | 2.62e-03 | 5.55e-16 | 1.00e+00 |  4.00e-03   |   2   |
|  567  |  587  | 7714  | +8.7572e+01 | 5.56e-01 | 2.53e-03 | 5.55e-16 | 1.00e+00 |  4.00e-03   |   2   |
|  568  |  588  | 7718  | +8.7552e+01 | 3.89e+00 | 2.08e-03 | 7.22e-16 | 1.00e+00 |  4.00e-03   |   2   |
|  569  |  589  | 7778  | +8.7547e+01 | 3.89e+00 | 2.02e-03 | 5.00e-16 | 1.00e+00 |  4.00e-03   |   4   |
|  570  |  591  | 7816  | +8.7547e+01 | 7.43e-01 | 2.02e-03 | 5.00e-16 | 1.00e+00 |  4.00e-03   |   4   |
|  571  |  593  | 7848  | +8.7547e+01 | 3.71e-01 | 2.02e-03 | 5.00e-16 | 1.00e+00 |  4.00e-03   |   2   |
|  572  |  594  | 7862  | +8.7538e+01 | 2.60e+00 | 2.50e-03 | 6.11e-16 | 1.00e+00 |  4.00e-03   |   2   |
|  573  |  596  | 7903  | +8.7538e+01 | 3.39e-01 | 2.50e-03 | 6.11e-16 | 1.00e+00 |  4.00e-03   |   4   |
|  574  |  597  | 7916  | +8.7534e+01 | 2.37e+00 | 2.40e-03 | 6.11e-16 | 1.00e+00 |  4.00e-03   |   2   |
|  575  |  599  | 7958  | +8.7534e+01 | 2.37e-01 | 2.40e-03 | 6.11e-16 | 1.00e+00 |  4.00e-03   |   4   |
|  576  |  600  | 7966  | +8.7533e+01 | 4.74e-01 | 2.52e-03 | 5.55e-16 | 1.00e+00 |  4.00e-03   |   2   |
|  577  |  602  | 7994  | +8.7533e+01 | 2.37e-01 | 2.52e-03 | 5.55e-16 | 1.00e+00 |  4.00e-03   |   2   |
|  578  |  604  | 8001  | +8.7533e+01 | 1.19e-01 | 2.52e-03 | 5.55e-16 | 1.00e+00 |  4.00e-03   |   2   |
|  579  |  606  | 8006  | +8.7533e+01 | 5.93e-02 | 2.52e-03 | 5.55e-16 | 1.00e+00 |  4.00e-03   |   2   |
|  580  |  608  | 8010  | +8.7533e+01 | 2.96e-02 | 2.52e-03 | 5.55e-16 | 1.00e+00 |  4.00e-03   |   2   |
|  581  |  610  | 8015  | +8.7533e+01 | 1.48e-02 | 2.52e-03 | 5.55e-16 | 1.00e+00 |  4.00e-03   |   2   |
|  582  |  612  | 8018  | +8.7533e+01 | 7.41e-03 | 2.52e-03 | 5.55e-16 | 1.00e+00 |  4.00e-03   |   2   |
|  583  |  613  | 8019  | +8.7533e+01 | 1.48e-02 | 2.51e-03 | 6.11e-16 | 1.00e+00 |  4.00e-03   |   2   |
|  584  |  614  | 8022  | +8.7533e+01 | 1.48e-02 | 2.49e-03 | 6.11e-16 | 1.00e+00 |  4.00e-03   |   2   |
|  585  |  615  | 8023  | +8.7533e+01 | 1.48e-02 | 2.46e-03 | 5.55e-16 | 1.00e+00 |  4.00e-03   |   2   |
|  586  |  616  | 8024  | +8.7532e+01 | 1.48e-02 | 2.44e-03 | 5.00e-16 | 1.00e+00 |  4.00e-03   |   2   |
|  587  |  617  | 8025  | +8.7532e+01 | 1.48e-02 | 2.42e-03 | 6.11e-16 | 1.00e+00 |  4.00e-03   |   2   |
|  588  |  618  | 8026  | +8.7532e+01 | 1.48e-02 | 2.39e-03 | 5.55e-16 | 1.00e+00 |  4.00e-03   |   2   |
|  589  |  619  | 8027  | +8.7532e+01 | 1.48e-02 | 2.37e-03 | 5.55e-16 | 1.00e+00 |  4.00e-03   |   2   |
|  590  |  620  | 8028  | +8.7532e+01 | 1.48e-02 | 2.35e-03 | 5.00e-16 | 1.00e+00 |  4.00e-03   |   2   |
|  591  |  621  | 8029  | +8.7532e+01 | 1.48e-02 | 2.32e-03 | 5.55e-16 | 1.00e+00 |  4.00e-03   |   2   |
|  592  |  622  | 8030  | +8.7532e+01 | 1.48e-02 | 2.30e-03 | 4.44e-16 | 1.00e+00 |  4.00e-03   |   2   |
|  593  |  623  | 8031  | +8.7532e+01 | 1.48e-02 | 2.28e-03 | 6.11e-16 | 1.00e+00 |  4.00e-03   |   2   |
|  594  |  624  | 8032  | +8.7532e+01 | 1.48e-02 | 2.26e-03 | 5.55e-16 | 1.00e+00 |  4.00e-03   |   2   |
|  595  |  625  | 8033  | +8.7532e+01 | 1.48e-02 | 2.23e-03 | 5.55e-16 | 1.00e+00 |  4.00e-03   |   2   |
|  596  |  626  | 8034  | +8.7532e+01 | 1.48e-02 | 2.21e-03 | 5.55e-16 | 1.00e+00 |  4.00e-03   |   2   |
|  597  |  627  | 8035  | +8.7532e+01 | 1.48e-02 | 2.19e-03 | 5.55e-16 | 1.00e+00 |  4.00e-03   |   2   |
|  598  |  628  | 8036  | +8.7532e+01 | 1.48e-02 | 2.16e-03 | 5.55e-16 | 1.00e+00 |  4.00e-03   |   2   |
|  599  |  629  | 8037  | +8.7532e+01 | 1.48e-02 | 2.14e-03 | 5.55e-16 | 1.00e+00 |  4.00e-03   |   2   |
|  600  |  630  | 8038  | +8.7531e+01 | 1.48e-02 | 2.12e-03 | 6.11e-16 | 1.00e+00 |  4.00e-03   |   2   |
|  601  |  631  | 8039  | +8.7531e+01 | 1.48e-02 | 2.10e-03 | 7.22e-16 | 1.00e+00 |  4.00e-03   |   2   |
|  602  |  632  | 8040  | +8.7531e+01 | 1.48e-02 | 2.07e-03 | 5.55e-16 | 1.00e+00 |  4.00e-03   |   2   |
|  603  |  633  | 8041  | +8.7531e+01 | 1.48e-02 | 2.05e-03 | 5.00e-16 | 1.00e+00 |  4.00e-03   |   2   |
|  604  |  634  | 8042  | +8.7531e+01 | 1.48e-02 | 2.03e-03 | 6.11e-16 | 1.00e+00 |  4.00e-03   |   2   |
|  605  |  635  | 8043  | +8.7531e+01 | 1.48e-02 | 2.01e-03 | 5.55e-16 | 1.00e+00 |  4.00e-03   |   2   |
|  606  |  636  | 8044  | +8.7531e+01 | 1.48e-02 | 1.99e-03 | 6.11e-16 | 1.00e+00 |  4.00e-03   |   2   |
|  607  |  637  | 8045  | +8.7531e+01 | 1.48e-02 | 1.97e-03 | 7.22e-16 | 1.00e+00 |  4.00e-03   |   2   |
|  608  |  638  | 8046  | +8.7531e+01 | 1.48e-02 | 1.94e-03 | 7.22e-16 | 1.00e+00 |  4.00e-03   |   2   |
|  609  |  639  | 8047  | +8.7531e+01 | 1.48e-02 | 1.92e-03 | 6.11e-16 | 1.00e+00 |  4.00e-03   |   2   |
|  610  |  640  | 8048  | +8.7531e+01 | 1.48e-02 | 1.90e-03 | 8.33e-16 | 1.00e+00 |  4.00e-03   |   2   |
|  611  |  641  | 8049  | +8.7531e+01 | 1.48e-02 | 1.88e-03 | 4.44e-16 | 1.00e+00 |  4.00e-03   |   2   |
|  612  |  642  | 8050  | +8.7530e+01 | 1.48e-02 | 1.86e-03 | 6.11e-16 | 1.00e+00 |  4.00e-03   |   2   |
|  613  |  643  | 8051  | +8.7530e+01 | 1.48e-02 | 1.84e-03 | 5.55e-16 | 1.00e+00 |  4.00e-03   |   2   |
|  614  |  644  | 8052  | +8.7530e+01 | 1.48e-02 | 1.82e-03 | 5.55e-16 | 1.00e+00 |  4.00e-03   |   2   |
|  615  |  645  | 8053  | +8.7530e+01 | 1.48e-02 | 1.80e-03 | 5.00e-16 | 1.00e+00 |  4.00e-03   |   2   |
|  616  |  646  | 8054  | +8.7530e+01 | 1.48e-02 | 1.78e-03 | 7.22e-16 | 1.00e+00 |  4.00e-03   |   2   |
|  617  |  647  | 8055  | +8.7530e+01 | 1.48e-02 | 1.76e-03 | 6.11e-16 | 1.00e+00 |  4.00e-03   |   2   |
|  618  |  648  | 8056  | +8.7530e+01 | 1.48e-02 | 1.74e-03 | 5.00e-16 | 1.00e+00 |  4.00e-03   |   2   |
|  619  |  649  | 8057  | +8.7530e+01 | 1.48e-02 | 1.72e-03 | 5.00e-16 | 1.00e+00 |  4.00e-03   |   2   |
|  620  |  650  | 8058  | +8.7530e+01 | 1.48e-02 | 1.70e-03 | 6.11e-16 | 1.00e+00 |  4.00e-03   |   2   |
|  621  |  651  | 8059  | +8.7530e+01 | 1.48e-02 | 1.68e-03 | 5.55e-16 | 1.00e+00 |  4.00e-03   |   2   |
|  622  |  652  | 8060  | +8.7530e+01 | 1.48e-02 | 1.66e-03 | 5.55e-16 | 1.00e+00 |  4.00e-03   |   2   |
|  623  |  653  | 8061  | +8.7529e+01 | 1.48e-02 | 1.64e-03 | 5.55e-16 | 1.00e+00 |  4.00e-03   |   2   |
|  624  |  654  | 8062  | +8.7529e+01 | 1.48e-02 | 1.62e-03 | 6.11e-16 | 1.00e+00 |  4.00e-03   |   2   |
|  625  |  655  | 8063  | +8.7529e+01 | 1.48e-02 | 1.60e-03 | 6.11e-16 | 1.00e+00 |  4.00e-03   |   2   |
|  626  |  656  | 8064  | +8.7529e+01 | 1.48e-02 | 1.58e-03 | 5.55e-16 | 1.00e+00 |  4.00e-03   |   2   |
|  627  |  657  | 8065  | +8.7529e+01 | 1.48e-02 | 1.57e-03 | 6.11e-16 | 1.00e+00 |  4.00e-03   |   2   |
|  628  |  658  | 8066  | +8.7529e+01 | 1.48e-02 | 1.55e-03 | 5.55e-16 | 1.00e+00 |  4.00e-03   |   2   |
|  629  |  659  | 8067  | +8.7529e+01 | 1.48e-02 | 1.53e-03 | 6.11e-16 | 1.00e+00 |  4.00e-03   |   2   |
|  630  |  660  | 8068  | +8.7529e+01 | 1.48e-02 | 1.51e-03 | 5.55e-16 | 1.00e+00 |  4.00e-03   |   2   |
|  631  |  661  | 8069  | +8.7529e+01 | 1.48e-02 | 1.49e-03 | 5.55e-16 | 1.00e+00 |  4.00e-03   |   2   |
|  632  |  662  | 8070  | +8.7529e+01 | 1.48e-02 | 1.48e-03 | 5.00e-16 | 1.00e+00 |  4.00e-03   |   2   |
|  633  |  663  | 8071  | +8.7528e+01 | 1.48e-02 | 1.46e-03 | 7.22e-16 | 1.00e+00 |  4.00e-03   |   2   |
|  634  |  664  | 8072  | +8.7528e+01 | 1.48e-02 | 1.44e-03 | 7.22e-16 | 1.00e+00 |  4.00e-03   |   2   |
|  635  |  665  | 8073  | +8.7528e+01 | 1.48e-02 | 1.43e-03 | 5.55e-16 | 1.00e+00 |  4.00e-03   |   2   |
|  636  |  666  | 8074  | +8.7528e+01 | 1.48e-02 | 1.41e-03 | 6.11e-16 | 1.00e+00 |  4.00e-03   |   2   |
|  637  |  667  | 8075  | +8.7528e+01 | 1.48e-02 | 1.39e-03 | 5.55e-16 | 1.00e+00 |  4.00e-03   |   2   |
|  638  |  668  | 8076  | +8.7528e+01 | 1.48e-02 | 1.38e-03 | 4.44e-16 | 1.00e+00 |  4.00e-03   |   2   |
|  639  |  669  | 8077  | +8.7528e+01 | 1.48e-02 | 1.36e-03 | 6.11e-16 | 1.00e+00 |  4.00e-03   |   2   |
|  640  |  669  | 8077  | +8.7528e+01 | 1.00e+00 | 1.40e-03 | 6.11e-16 | 1.00e+00 |  8.00e-04   |   0   |
|  641  |  670  | 8079  | +8.7240e+01 | 7.00e+00 | 1.22e-03 | 5.55e-16 | 1.00e+00 |  8.00e-04   |   2   |
|  642  |  671  | 8088  | +8.5331e+01 | 4.90e+01 | 1.75e-03 | 6.11e-16 | 1.00e+00 |  8.00e-04   |   2   |
|  643  |  672  | 8188  | +8.3414e+01 | 1.03e+02 | 2.86e-03 | 6.11e-16 | 1.00e+00 |  8.00e-04   |   4   |
|  644  |  673  | 8325  | +8.2867e+01 | 1.03e+02 | 3.33e-03 | 8.88e-16 | 1.00e+00 |  8.00e-04   |   4   |
|  645  |  674  | 8392  | +8.2776e+01 | 1.03e+02 | 3.26e-03 | 8.33e-16 | 1.00e+00 |  8.00e-04   |   4   |
|  646  |  675  | 8488  | +8.2689e+01 | 1.03e+02 | 2.70e-03 | 7.22e-16 | 1.00e+00 |  8.00e-04   |   4   |
|  647  |  677  | 8566  | +8.2689e+01 | 1.03e+01 | 2.70e-03 | 7.22e-16 | 1.00e+00 |  8.00e-04   |   4   |
|  648  |  679  | 8664  | +8.2689e+01 | 1.03e+00 | 2.70e-03 | 7.22e-16 | 1.00e+00 |  8.00e-04   |   4   |
|  649  |  681  | 8694  | +8.2689e+01 | 2.72e-01 | 2.70e-03 | 7.22e-16 | 1.00e+00 |  8.00e-04   |   2   |
|  650  |  683  | 8704  | +8.2689e+01 | 1.02e-01 | 2.70e-03 | 7.22e-16 | 1.00e+00 |  8.00e-04   |   2   |
|  651  |  685  | 8711  | +8.2689e+01 | 4.54e-02 | 2.70e-03 | 7.22e-16 | 1.00e+00 |  8.00e-04   |   2   |
|  652  |  687  | 8715  | +8.2689e+01 | 2.18e-02 | 2.70e-03 | 7.22e-16 | 1.00e+00 |  8.00e-04   |   2   |
|  653  |  689  | 8717  | +8.2689e+01 | 1.09e-02 | 2.70e-03 | 7.22e-16 | 1.00e+00 |  8.00e-04   |   2   |
|  654  |  691  | 8719  | +8.2689e+01 | 5.45e-03 | 2.70e-03 | 7.22e-16 | 1.00e+00 |  8.00e-04   |   2   |
|  655  |  693  | 8720  | +8.2689e+01 | 2.73e-03 | 2.70e-03 | 7.22e-16 | 1.00e+00 |  8.00e-04   |   2   |
|  656  |  695  | 8721  | +8.2689e+01 | 1.36e-03 | 2.70e-03 | 7.22e-16 | 1.00e+00 |  8.00e-04   |   2   |
|  657  |  697  | 8722  | +8.2689e+01 | 6.82e-04 | 2.70e-03 | 7.22e-16 | 1.00e+00 |  8.00e-04   |   2   |
`xtol` termination condition is satisfied.
Number of iterations: 657, function evaluations: 697, CG iterations: 8722, optimality: 2.70e-03, constraint violation: 7.22e-16, execution time: 9.3e+03 s.
