C:\Users\jnajmon\PycharmProjects\ANN_derivatives_TO\venv\Scripts\python.exe "C:\Program Files\JetBrains\PyCharm 2021.2.3\plugins\python\helpers\pydev\pydevconsole.py" --mode=client --port=65263
import sys; print('Python %s on %s' % (sys.version, sys.platform))
sys.path.extend(['C:\\Users\\jnajmon\\PycharmProjects\\ANN_derivatives_TO', 'C:/Users/jnajmon/PycharmProjects/ANN_derivatives_TO'])
Python 3.9.5 (tags/v3.9.5:0a7dcbd, May  3 2021, 17:27:52) [MSC v.1928 64 bit (AMD64)]
Type 'copyright', 'credits' or 'license' for more information
IPython 8.14.0 -- An enhanced Interactive Python. Type '?' for help.
PyDev console: using IPython 8.14.0
Python 3.9.5 (tags/v3.9.5:0a7dcbd, May  3 2021, 17:27:52) [MSC v.1928 64 bit (AMD64)] on win32
runfile('C:/Users/jnajmon/PycharmProjects/ANN_derivatives_TO/Run_SIMPTO_noANN.py', wdir='C:/Users/jnajmon/PycharmProjects/ANN_derivatives_TO')
| niter |f evals|CG iter|  obj func   |tr radius |   opt    |  c viol  | penalty  |barrier param|CG stop|
|-------|-------|-------|-------------|----------|----------|----------|----------|-------------|-------|
|   1   |   1   |   0   | +3.5648e+02 | 1.00e+00 | 4.40e+00 | 0.00e+00 | 1.00e+00 |  1.00e-01   |   0   |
C:\Users\jnajmon\PycharmProjects\ANN_derivatives_TO\venv\lib\site-packages\scipy\optimize\_hessian_update_strategy.py:182: UserWarning: delta_grad == 0.0. Check if the approximated function is linear. If the function is linear better results can be obtained by defining the Hessian as zero instead of using quasi-Newton approximations.
  warn('delta_grad == 0.0. Check if the approximated '
|   2   |   2   |   1   | +3.2321e+02 | 7.00e+00 | 1.56e+00 | 1.11e-16 | 1.00e+00 |  1.00e-01   |   2   |
|   3   |   3   |   3   | +2.8696e+02 | 1.40e+01 | 4.78e-01 | 5.55e-17 | 1.00e+00 |  1.00e-01   |   4   |
|   4   |   4   |   6   | +2.4079e+02 | 2.91e+01 | 1.79e-01 | 1.11e-16 | 1.00e+00 |  1.00e-01   |   4   |
|   5   |   5   |  21   | +2.1787e+02 | 2.91e+01 | 1.18e-01 | 5.55e-17 | 1.00e+00 |  1.00e-01   |   4   |
|   6   |   6   |  47   | +2.1787e+02 | 2.91e+00 | 1.18e-01 | 5.55e-17 | 1.00e+00 |  1.00e-01   |   2   |
|   7   |   7   |  50   | +2.0328e+02 | 2.04e+01 | 9.33e-02 | 1.11e-16 | 1.00e+00 |  1.00e-01   |   2   |
|   8   |   8   |  79   | +1.8734e+02 | 1.43e+02 | 6.95e-02 | 1.11e-16 | 1.00e+00 |  1.00e-01   |   2   |
|   9   |   9   |  114  | +1.8171e+02 | 1.43e+02 | 6.22e-02 | 0.00e+00 | 1.00e+00 |  1.00e-01   |   4   |
|  10   |  10   |  162  | +1.7957e+02 | 1.43e+02 | 5.76e-02 | 1.11e-16 | 1.00e+00 |  1.00e-01   |   4   |
|  11   |  11   |  183  | +1.7400e+02 | 1.43e+02 | 1.55e-01 | 5.55e-17 | 1.00e+00 |  1.00e-01   |   4   |
|  12   |  12   |  198  | +1.7166e+02 | 1.43e+02 | 2.50e-01 | 5.55e-17 | 1.00e+00 |  1.00e-01   |   4   |
|  13   |  13   |  209  | +1.7023e+02 | 1.43e+02 | 2.43e-01 | 1.11e-16 | 1.00e+00 |  1.00e-01   |   4   |
|  14   |  14   |  225  | +1.6769e+02 | 1.43e+02 | 2.37e-01 | 1.11e-16 | 1.00e+00 |  1.00e-01   |   4   |
|  15   |  15   |  242  | +1.6599e+02 | 1.43e+02 | 1.67e-01 | 5.55e-17 | 1.00e+00 |  1.00e-01   |   4   |
|  16   |  16   |  281  | +1.6514e+02 | 1.43e+02 | 6.93e-02 | 0.00e+00 | 1.00e+00 |  1.00e-01   |   4   |
|  17   |  17   |  297  | +1.6414e+02 | 1.43e+02 | 1.99e-02 | 5.55e-17 | 1.00e+00 |  1.00e-01   |   4   |
|  18   |  17   |  297  | +1.6414e+02 | 7.14e+02 | 2.52e-02 | 5.55e-17 | 1.00e+00 |  2.00e-02   |   0   |
|  19   |  18   |  317  | +1.5565e+02 | 7.14e+02 | 2.48e-02 | 1.11e-16 | 1.00e+00 |  2.00e-02   |   4   |
|  20   |  19   |  345  | +1.5093e+02 | 7.14e+02 | 2.82e-02 | 1.11e-16 | 1.00e+00 |  2.00e-02   |   4   |
|  21   |  20   |  521  | +1.4920e+02 | 7.14e+02 | 2.92e-02 | 3.33e-16 | 1.00e+00 |  2.00e-02   |   4   |
|  22   |  21   |  561  | +1.4741e+02 | 7.14e+02 | 2.95e-02 | 3.33e-16 | 1.00e+00 |  2.00e-02   |   4   |
|  23   |  22   |  605  | +1.4505e+02 | 7.14e+02 | 2.82e-02 | 3.33e-16 | 1.00e+00 |  2.00e-02   |   4   |
|  24   |  23   |  681  | +1.4455e+02 | 7.14e+02 | 2.67e-02 | 2.78e-16 | 1.00e+00 |  2.00e-02   |   4   |
|  25   |  24   |  709  | +1.4338e+02 | 7.14e+02 | 2.53e-02 | 3.33e-16 | 1.00e+00 |  2.00e-02   |   4   |
|  26   |  25   |  742  | +1.4213e+02 | 7.14e+02 | 2.35e-02 | 3.33e-16 | 1.00e+00 |  2.00e-02   |   4   |
|  27   |  26   |  785  | +1.4106e+02 | 7.14e+02 | 2.25e-02 | 2.78e-16 | 1.00e+00 |  2.00e-02   |   4   |
|  28   |  27   |  994  | +1.3993e+02 | 7.14e+02 | 2.14e-02 | 0.00e+00 | 1.00e+00 |  2.00e-02   |   4   |
|  29   |  28   | 1066  | +1.3888e+02 | 7.14e+02 | 2.05e-02 | 0.00e+00 | 1.00e+00 |  2.00e-02   |   4   |
|  30   |  29   | 1257  | +1.3800e+02 | 7.14e+02 | 1.95e-02 | 1.11e-15 | 1.00e+00 |  2.00e-02   |   4   |
|  31   |  30   | 1288  | +1.3729e+02 | 7.14e+02 | 1.82e-02 | 1.11e-15 | 1.00e+00 |  2.00e-02   |   4   |
|  32   |  31   | 1325  | +1.3652e+02 | 7.14e+02 | 1.68e-02 | 9.99e-16 | 1.00e+00 |  2.00e-02   |   4   |
|  33   |  32   | 1368  | +1.3559e+02 | 7.14e+02 | 1.51e-02 | 9.99e-16 | 1.00e+00 |  2.00e-02   |   4   |
|  34   |  33   | 1405  | +1.3472e+02 | 7.14e+02 | 1.44e-02 | 9.99e-16 | 1.00e+00 |  2.00e-02   |   4   |
|  35   |  34   | 1444  | +1.3365e+02 | 7.14e+02 | 1.35e-02 | 9.99e-16 | 1.00e+00 |  2.00e-02   |   4   |
|  36   |  35   | 1498  | +1.3289e+02 | 7.14e+02 | 1.30e-02 | 9.99e-16 | 1.00e+00 |  2.00e-02   |   4   |
|  37   |  36   | 1607  | +1.3214e+02 | 7.14e+02 | 1.26e-02 | 1.11e-15 | 1.00e+00 |  2.00e-02   |   4   |
|  38   |  37   | 1644  | +1.3151e+02 | 7.14e+02 | 1.34e-02 | 1.11e-15 | 1.00e+00 |  2.00e-02   |   4   |
|  39   |  38   | 1681  | +1.3076e+02 | 7.14e+02 | 1.39e-02 | 1.11e-15 | 1.00e+00 |  2.00e-02   |   4   |
|  40   |  39   | 1735  | +1.3001e+02 | 7.14e+02 | 1.32e-02 | 1.11e-15 | 1.00e+00 |  2.00e-02   |   4   |
|  41   |  40   | 1767  | +1.2914e+02 | 7.14e+02 | 1.31e-02 | 1.11e-15 | 1.00e+00 |  2.00e-02   |   4   |
|  42   |  41   | 1825  | +1.2876e+02 | 7.14e+02 | 1.32e-02 | 8.88e-16 | 1.00e+00 |  2.00e-02   |   4   |
|  43   |  42   | 1860  | +1.2795e+02 | 7.14e+02 | 1.39e-02 | 1.11e-15 | 1.00e+00 |  2.00e-02   |   4   |
|  44   |  43   | 1914  | +1.2752e+02 | 7.14e+02 | 1.39e-02 | 9.99e-16 | 1.00e+00 |  2.00e-02   |   4   |
|  45   |  44   | 1948  | +1.2676e+02 | 7.14e+02 | 1.35e-02 | 1.11e-15 | 1.00e+00 |  2.00e-02   |   4   |
|  46   |  45   | 1983  | +1.2614e+02 | 7.14e+02 | 1.29e-02 | 1.11e-15 | 1.00e+00 |  2.00e-02   |   4   |
|  47   |  46   | 2048  | +1.2569e+02 | 7.14e+02 | 1.24e-02 | 9.99e-16 | 1.00e+00 |  2.00e-02   |   4   |
|  48   |  47   | 2079  | +1.2489e+02 | 7.14e+02 | 1.11e-02 | 9.99e-16 | 1.00e+00 |  2.00e-02   |   4   |
|  49   |  48   | 2108  | +1.2451e+02 | 7.14e+02 | 9.89e-03 | 1.11e-15 | 1.00e+00 |  2.00e-02   |   4   |
|  50   |  49   | 2137  | +1.2418e+02 | 7.14e+02 | 8.60e-03 | 1.11e-15 | 1.00e+00 |  2.00e-02   |   4   |
|  51   |  50   | 2166  | +1.2380e+02 | 7.14e+02 | 7.38e-03 | 1.11e-15 | 1.00e+00 |  2.00e-02   |   4   |
|  52   |  51   | 2197  | +1.2323e+02 | 7.14e+02 | 7.22e-03 | 9.99e-16 | 1.00e+00 |  2.00e-02   |   4   |
|  53   |  51   | 2197  | +1.2323e+02 | 3.57e+03 | 8.03e-03 | 9.99e-16 | 1.00e+00 |  4.00e-03   |   0   |
|  54   |  52   | 2239  | +1.1720e+02 | 3.57e+03 | 9.30e-03 | 1.11e-15 | 1.00e+00 |  4.00e-03   |   4   |
|  55   |  53   | 2297  | +1.1475e+02 | 3.57e+03 | 1.04e-02 | 1.22e-15 | 1.00e+00 |  4.00e-03   |   4   |
|  56   |  54   | 2686  | +1.1447e+02 | 3.57e+03 | 1.03e-02 | 1.44e-15 | 1.00e+00 |  4.00e-03   |   4   |
|  57   |  55   | 2742  | +1.1329e+02 | 3.57e+03 | 1.02e-02 | 1.44e-15 | 1.00e+00 |  4.00e-03   |   4   |
|  58   |  56   | 2836  | +1.1267e+02 | 3.57e+03 | 1.01e-02 | 1.44e-15 | 1.00e+00 |  4.00e-03   |   4   |
|  59   |  57   | 2911  | +1.1203e+02 | 3.57e+03 | 9.88e-03 | 1.33e-15 | 1.00e+00 |  4.00e-03   |   4   |
|  60   |  58   | 2970  | +1.1163e+02 | 3.57e+03 | 9.74e-03 | 1.22e-15 | 1.00e+00 |  4.00e-03   |   4   |
|  61   |  59   | 3115  | +1.1098e+02 | 3.57e+03 | 9.68e-03 | 1.22e-15 | 1.00e+00 |  4.00e-03   |   4   |
|  62   |  60   | 3191  | +1.1039e+02 | 3.57e+03 | 9.44e-03 | 1.22e-15 | 1.00e+00 |  4.00e-03   |   4   |
|  63   |  61   | 3438  | +1.0992e+02 | 3.57e+03 | 9.52e-03 | 1.22e-15 | 1.00e+00 |  4.00e-03   |   4   |
|  64   |  62   | 3489  | +1.0954e+02 | 3.57e+03 | 9.80e-03 | 1.44e-15 | 1.00e+00 |  4.00e-03   |   4   |
|  65   |  63   | 3576  | +1.0876e+02 | 3.57e+03 | 1.03e-02 | 1.22e-15 | 1.00e+00 |  4.00e-03   |   4   |
|  66   |  64   | 3675  | +1.0831e+02 | 3.57e+03 | 1.06e-02 | 1.33e-15 | 1.00e+00 |  4.00e-03   |   4   |
|  67   |  65   | 3744  | +1.0775e+02 | 3.57e+03 | 1.07e-02 | 1.33e-15 | 1.00e+00 |  4.00e-03   |   4   |
|  68   |  66   | 3828  | +1.0720e+02 | 3.57e+03 | 1.07e-02 | 1.33e-15 | 1.00e+00 |  4.00e-03   |   4   |
|  69   |  67   | 3887  | +1.0651e+02 | 3.57e+03 | 1.07e-02 | 1.22e-15 | 1.00e+00 |  4.00e-03   |   4   |
|  70   |  68   | 3943  | +1.0631e+02 | 3.57e+03 | 1.05e-02 | 1.22e-15 | 1.00e+00 |  4.00e-03   |   4   |
|  71   |  69   | 4112  | +1.0598e+02 | 3.57e+03 | 1.04e-02 | 1.22e-15 | 1.00e+00 |  4.00e-03   |   4   |
|  72   |  70   | 4181  | +1.0561e+02 | 3.57e+03 | 1.03e-02 | 1.33e-15 | 1.00e+00 |  4.00e-03   |   4   |
|  73   |  71   | 4259  | +1.0540e+02 | 3.57e+03 | 1.01e-02 | 1.11e-15 | 1.00e+00 |  4.00e-03   |   4   |
|  74   |  72   | 4330  | +1.0498e+02 | 3.57e+03 | 1.05e-02 | 1.22e-15 | 1.00e+00 |  4.00e-03   |   4   |
|  75   |  73   | 4478  | +1.0491e+02 | 3.57e+03 | 1.03e-02 | 1.22e-15 | 1.00e+00 |  4.00e-03   |   4   |
|  76   |  74   | 4530  | +1.0457e+02 | 3.57e+03 | 1.01e-02 | 1.11e-15 | 1.00e+00 |  4.00e-03   |   4   |
|  77   |  75   | 4629  | +1.0418e+02 | 3.57e+03 | 9.66e-03 | 1.22e-15 | 1.00e+00 |  4.00e-03   |   4   |
|  78   |  76   | 4686  | +1.0395e+02 | 3.57e+03 | 9.17e-03 | 1.22e-15 | 1.00e+00 |  4.00e-03   |   4   |
|  79   |  77   | 4751  | +1.0358e+02 | 3.57e+03 | 8.46e-03 | 1.33e-15 | 1.00e+00 |  4.00e-03   |   4   |
|  80   |  78   | 4805  | +1.0322e+02 | 3.57e+03 | 8.08e-03 | 1.22e-15 | 1.00e+00 |  4.00e-03   |   4   |
|  81   |  79   | 4902  | +1.0290e+02 | 3.57e+03 | 7.61e-03 | 1.22e-15 | 1.00e+00 |  4.00e-03   |   4   |
|  82   |  80   | 4981  | +1.0278e+02 | 3.57e+03 | 7.81e-03 | 1.33e-15 | 1.00e+00 |  4.00e-03   |   4   |
|  83   |  81   | 5038  | +1.0250e+02 | 3.57e+03 | 8.01e-03 | 1.33e-15 | 1.00e+00 |  4.00e-03   |   4   |
|  84   |  82   | 5097  | +1.0218e+02 | 3.57e+03 | 8.22e-03 | 1.22e-15 | 1.00e+00 |  4.00e-03   |   4   |
|  85   |  83   | 5169  | +1.0189e+02 | 3.57e+03 | 8.32e-03 | 1.22e-15 | 1.00e+00 |  4.00e-03   |   4   |
|  86   |  84   | 5230  | +1.0151e+02 | 3.57e+03 | 8.38e-03 | 1.33e-15 | 1.00e+00 |  4.00e-03   |   4   |
|  87   |  85   | 5295  | +1.0116e+02 | 3.57e+03 | 8.71e-03 | 1.22e-15 | 1.00e+00 |  4.00e-03   |   4   |
|  88   |  86   | 5370  | +1.0094e+02 | 3.57e+03 | 8.90e-03 | 1.11e-15 | 1.00e+00 |  4.00e-03   |   4   |
|  89   |  87   | 5453  | +1.0064e+02 | 3.57e+03 | 8.98e-03 | 1.22e-15 | 1.00e+00 |  4.00e-03   |   4   |
|  90   |  88   | 5544  | +1.0046e+02 | 3.57e+03 | 8.85e-03 | 1.22e-15 | 1.00e+00 |  4.00e-03   |   4   |
|  91   |  89   | 5595  | +9.9971e+01 | 3.57e+03 | 8.71e-03 | 1.11e-15 | 1.00e+00 |  4.00e-03   |   4   |
|  92   |  90   | 5773  | +9.9611e+01 | 3.57e+03 | 8.67e-03 | 1.22e-15 | 1.00e+00 |  4.00e-03   |   4   |
|  93   |  91   | 5819  | +9.9341e+01 | 3.57e+03 | 8.78e-03 | 1.22e-15 | 1.00e+00 |  4.00e-03   |   4   |
|  94   |  92   | 5889  | +9.8653e+01 | 3.57e+03 | 9.03e-03 | 1.22e-15 | 1.00e+00 |  4.00e-03   |   4   |
|  95   |  93   | 5962  | +9.8265e+01 | 3.57e+03 | 9.14e-03 | 1.22e-15 | 1.00e+00 |  4.00e-03   |   4   |
|  96   |  94   | 6039  | +9.7945e+01 | 3.57e+03 | 9.12e-03 | 1.22e-15 | 1.00e+00 |  4.00e-03   |   4   |
|  97   |  95   | 6099  | +9.7588e+01 | 3.57e+03 | 9.00e-03 | 1.33e-15 | 1.00e+00 |  4.00e-03   |   4   |
|  98   |  96   | 6166  | +9.7223e+01 | 3.57e+03 | 8.71e-03 | 1.33e-15 | 1.00e+00 |  4.00e-03   |   4   |
|  99   |  97   | 6230  | +9.7010e+01 | 3.57e+03 | 8.58e-03 | 1.22e-15 | 1.00e+00 |  4.00e-03   |   4   |
|  100  |  98   | 6287  | +9.6630e+01 | 3.57e+03 | 8.72e-03 | 1.22e-15 | 1.00e+00 |  4.00e-03   |   4   |
|  101  |  99   | 6381  | +9.6299e+01 | 3.57e+03 | 8.93e-03 | 1.22e-15 | 1.00e+00 |  4.00e-03   |   4   |
|  102  |  100  | 6763  | +9.6327e+01 | 3.57e+03 | 8.85e-03 | 9.99e-16 | 1.00e+00 |  4.00e-03   |   4   |
|  103  |  101  | 6815  | +9.6030e+01 | 3.57e+03 | 8.72e-03 | 1.11e-15 | 1.00e+00 |  4.00e-03   |   4   |
|  104  |  102  | 6938  | +9.5497e+01 | 3.57e+03 | 8.45e-03 | 8.88e-16 | 1.00e+00 |  4.00e-03   |   4   |
|  105  |  103  | 7020  | +9.5219e+01 | 3.57e+03 | 8.21e-03 | 9.99e-16 | 1.00e+00 |  4.00e-03   |   4   |
|  106  |  104  | 7114  | +9.4982e+01 | 3.57e+03 | 7.95e-03 | 9.99e-16 | 1.00e+00 |  4.00e-03   |   4   |
|  107  |  105  | 7206  | +9.4848e+01 | 3.57e+03 | 7.57e-03 | 9.99e-16 | 1.00e+00 |  4.00e-03   |   4   |
|  108  |  106  | 7272  | +9.4650e+01 | 3.57e+03 | 7.10e-03 | 1.11e-15 | 1.00e+00 |  4.00e-03   |   4   |
|  109  |  107  | 7386  | +9.4521e+01 | 3.57e+03 | 6.68e-03 | 9.99e-16 | 1.00e+00 |  4.00e-03   |   4   |
|  110  |  108  | 7449  | +9.4123e+01 | 3.57e+03 | 6.38e-03 | 9.99e-16 | 1.00e+00 |  4.00e-03   |   4   |
|  111  |  109  | 7515  | +9.3694e+01 | 3.57e+03 | 6.53e-03 | 9.99e-16 | 1.00e+00 |  4.00e-03   |   4   |
|  112  |  110  | 7612  | +9.3540e+01 | 3.57e+03 | 6.61e-03 | 1.11e-15 | 1.00e+00 |  4.00e-03   |   4   |
|  113  |  111  | 7668  | +9.3348e+01 | 3.57e+03 | 6.62e-03 | 7.77e-16 | 1.00e+00 |  4.00e-03   |   4   |
|  114  |  112  | 7729  | +9.3076e+01 | 3.57e+03 | 6.60e-03 | 1.11e-15 | 1.00e+00 |  4.00e-03   |   4   |
|  115  |  113  | 7794  | +9.2840e+01 | 3.57e+03 | 6.59e-03 | 8.88e-16 | 1.00e+00 |  4.00e-03   |   4   |
|  116  |  114  | 7859  | +9.2652e+01 | 3.57e+03 | 6.52e-03 | 9.99e-16 | 1.00e+00 |  4.00e-03   |   4   |
|  117  |  115  | 7918  | +9.2439e+01 | 3.57e+03 | 6.44e-03 | 1.11e-15 | 1.00e+00 |  4.00e-03   |   4   |
|  118  |  116  | 7983  | +9.2295e+01 | 3.57e+03 | 6.30e-03 | 9.99e-16 | 1.00e+00 |  4.00e-03   |   4   |
|  119  |  117  | 8041  | +9.2084e+01 | 3.57e+03 | 6.27e-03 | 9.99e-16 | 1.00e+00 |  4.00e-03   |   4   |
|  120  |  118  | 8110  | +9.1860e+01 | 3.57e+03 | 6.31e-03 | 8.88e-16 | 1.00e+00 |  4.00e-03   |   4   |
|  121  |  119  | 8172  | +9.1645e+01 | 3.57e+03 | 6.42e-03 | 9.99e-16 | 1.00e+00 |  4.00e-03   |   4   |
|  122  |  120  | 8221  | +9.1535e+01 | 3.57e+03 | 6.46e-03 | 8.88e-16 | 1.00e+00 |  4.00e-03   |   4   |
|  123  |  121  | 8279  | +9.1428e+01 | 3.57e+03 | 6.45e-03 | 7.77e-16 | 1.00e+00 |  4.00e-03   |   4   |
|  124  |  122  | 8340  | +9.1400e+01 | 3.57e+03 | 6.44e-03 | 8.88e-16 | 1.00e+00 |  4.00e-03   |   4   |
|  125  |  123  | 8391  | +9.1282e+01 | 3.57e+03 | 6.42e-03 | 8.88e-16 | 1.00e+00 |  4.00e-03   |   4   |
|  126  |  124  | 8444  | +9.1154e+01 | 3.57e+03 | 6.36e-03 | 9.99e-16 | 1.00e+00 |  4.00e-03   |   4   |
|  127  |  125  | 8513  | +9.1123e+01 | 3.57e+03 | 6.32e-03 | 7.77e-16 | 1.00e+00 |  4.00e-03   |   4   |
|  128  |  126  | 8559  | +9.1057e+01 | 3.57e+03 | 6.31e-03 | 7.77e-16 | 1.00e+00 |  4.00e-03   |   4   |
|  129  |  127  | 8610  | +9.0919e+01 | 3.57e+03 | 6.29e-03 | 7.77e-16 | 1.00e+00 |  4.00e-03   |   4   |
|  130  |  128  | 8654  | +9.0841e+01 | 3.57e+03 | 6.24e-03 | 7.77e-16 | 1.00e+00 |  4.00e-03   |   4   |
|  131  |  129  | 8705  | +9.0682e+01 | 3.57e+03 | 6.13e-03 | 7.77e-16 | 1.00e+00 |  4.00e-03   |   4   |
|  132  |  130  | 8765  | +9.0593e+01 | 3.57e+03 | 5.98e-03 | 7.77e-16 | 1.00e+00 |  4.00e-03   |   4   |
|  133  |  131  | 8803  | +9.0487e+01 | 3.57e+03 | 5.84e-03 | 7.77e-16 | 1.00e+00 |  4.00e-03   |   4   |
|  134  |  132  | 8848  | +9.0346e+01 | 3.57e+03 | 5.59e-03 | 7.77e-16 | 1.00e+00 |  4.00e-03   |   4   |
|  135  |  133  | 8895  | +9.0293e+01 | 3.57e+03 | 5.42e-03 | 8.88e-16 | 1.00e+00 |  4.00e-03   |   4   |
|  136  |  134  | 8947  | +9.0197e+01 | 3.57e+03 | 5.22e-03 | 9.99e-16 | 1.00e+00 |  4.00e-03   |   4   |
|  137  |  135  | 8998  | +9.0093e+01 | 3.57e+03 | 5.08e-03 | 7.77e-16 | 1.00e+00 |  4.00e-03   |   4   |
|  138  |  136  | 9038  | +8.9998e+01 | 3.57e+03 | 5.23e-03 | 6.66e-16 | 1.00e+00 |  4.00e-03   |   4   |
|  139  |  137  | 9086  | +8.9885e+01 | 3.57e+03 | 5.37e-03 | 7.77e-16 | 1.00e+00 |  4.00e-03   |   4   |
|  140  |  138  | 9126  | +8.9814e+01 | 3.57e+03 | 5.44e-03 | 7.77e-16 | 1.00e+00 |  4.00e-03   |   4   |
|  141  |  139  | 9169  | +8.9753e+01 | 3.57e+03 | 5.45e-03 | 8.88e-16 | 1.00e+00 |  4.00e-03   |   4   |
|  142  |  140  | 9212  | +8.9685e+01 | 3.57e+03 | 5.44e-03 | 9.99e-16 | 1.00e+00 |  4.00e-03   |   4   |
|  143  |  141  | 9252  | +8.9596e+01 | 3.57e+03 | 5.40e-03 | 7.77e-16 | 1.00e+00 |  4.00e-03   |   4   |
|  144  |  142  | 9297  | +8.9474e+01 | 3.57e+03 | 5.32e-03 | 7.77e-16 | 1.00e+00 |  4.00e-03   |   4   |
|  145  |  143  | 9336  | +8.9402e+01 | 3.57e+03 | 5.23e-03 | 7.77e-16 | 1.00e+00 |  4.00e-03   |   4   |
|  146  |  144  | 9383  | +8.9305e+01 | 3.57e+03 | 5.04e-03 | 7.77e-16 | 1.00e+00 |  4.00e-03   |   4   |
|  147  |  145  | 9419  | +8.9221e+01 | 3.57e+03 | 4.91e-03 | 6.66e-16 | 1.00e+00 |  4.00e-03   |   4   |
|  148  |  146  | 9467  | +8.9118e+01 | 3.57e+03 | 4.81e-03 | 6.66e-16 | 1.00e+00 |  4.00e-03   |   4   |
|  149  |  147  | 9504  | +8.9032e+01 | 3.57e+03 | 4.86e-03 | 9.99e-16 | 1.00e+00 |  4.00e-03   |   4   |
|  150  |  148  | 9553  | +8.8948e+01 | 3.57e+03 | 4.81e-03 | 8.88e-16 | 1.00e+00 |  4.00e-03   |   4   |
|  151  |  149  | 9591  | +8.8859e+01 | 3.57e+03 | 4.80e-03 | 6.66e-16 | 1.00e+00 |  4.00e-03   |   4   |
|  152  |  150  | 9638  | +8.8779e+01 | 3.57e+03 | 4.69e-03 | 7.77e-16 | 1.00e+00 |  4.00e-03   |   4   |
|  153  |  151  | 9677  | +8.8710e+01 | 3.57e+03 | 4.62e-03 | 7.77e-16 | 1.00e+00 |  4.00e-03   |   4   |
|  154  |  152  | 9718  | +8.8644e+01 | 3.57e+03 | 4.47e-03 | 7.77e-16 | 1.00e+00 |  4.00e-03   |   4   |
|  155  |  153  | 9755  | +8.8568e+01 | 3.57e+03 | 4.49e-03 | 7.77e-16 | 1.00e+00 |  4.00e-03   |   4   |
|  156  |  154  | 9794  | +8.8489e+01 | 3.57e+03 | 4.52e-03 | 7.77e-16 | 1.00e+00 |  4.00e-03   |   4   |
|  157  |  155  | 9835  | +8.8419e+01 | 3.57e+03 | 4.57e-03 | 6.66e-16 | 1.00e+00 |  4.00e-03   |   4   |
|  158  |  156  | 9876  | +8.8357e+01 | 3.57e+03 | 4.59e-03 | 7.77e-16 | 1.00e+00 |  4.00e-03   |   4   |
|  159  |  157  | 9920  | +8.8294e+01 | 3.57e+03 | 4.60e-03 | 7.77e-16 | 1.00e+00 |  4.00e-03   |   4   |
|  160  |  158  | 9960  | +8.8229e+01 | 3.57e+03 | 4.61e-03 | 7.77e-16 | 1.00e+00 |  4.00e-03   |   4   |
|  161  |  159  | 10005 | +8.8175e+01 | 3.57e+03 | 4.58e-03 | 6.66e-16 | 1.00e+00 |  4.00e-03   |   4   |
|  162  |  160  | 10042 | +8.8124e+01 | 3.57e+03 | 4.51e-03 | 7.77e-16 | 1.00e+00 |  4.00e-03   |   4   |
|  163  |  161  | 10084 | +8.8073e+01 | 3.57e+03 | 4.40e-03 | 7.77e-16 | 1.00e+00 |  4.00e-03   |   4   |
|  164  |  162  | 10125 | +8.8011e+01 | 3.57e+03 | 4.41e-03 | 7.77e-16 | 1.00e+00 |  4.00e-03   |   4   |
|  165  |  163  | 10171 | +8.7947e+01 | 3.57e+03 | 4.49e-03 | 7.77e-16 | 1.00e+00 |  4.00e-03   |   4   |
|  166  |  164  | 10214 | +8.7889e+01 | 3.57e+03 | 4.55e-03 | 6.66e-16 | 1.00e+00 |  4.00e-03   |   4   |
|  167  |  165  | 10261 | +8.7849e+01 | 3.57e+03 | 4.52e-03 | 7.77e-16 | 1.00e+00 |  4.00e-03   |   4   |
|  168  |  166  | 10297 | +8.7793e+01 | 3.57e+03 | 4.54e-03 | 7.77e-16 | 1.00e+00 |  4.00e-03   |   4   |
|  169  |  167  | 10341 | +8.7745e+01 | 3.57e+03 | 4.50e-03 | 7.77e-16 | 1.00e+00 |  4.00e-03   |   4   |
|  170  |  168  | 10379 | +8.7688e+01 | 3.57e+03 | 4.51e-03 | 7.77e-16 | 1.00e+00 |  4.00e-03   |   4   |
|  171  |  169  | 10422 | +8.7645e+01 | 3.57e+03 | 4.48e-03 | 6.66e-16 | 1.00e+00 |  4.00e-03   |   4   |
|  172  |  170  | 10465 | +8.7606e+01 | 3.57e+03 | 4.45e-03 | 6.66e-16 | 1.00e+00 |  4.00e-03   |   4   |
|  173  |  171  | 10510 | +8.7579e+01 | 3.57e+03 | 4.30e-03 | 6.66e-16 | 1.00e+00 |  4.00e-03   |   4   |
|  174  |  172  | 10550 | +8.7541e+01 | 3.57e+03 | 4.16e-03 | 7.77e-16 | 1.00e+00 |  4.00e-03   |   4   |
|  175  |  173  | 10590 | +8.7510e+01 | 3.57e+03 | 3.98e-03 | 6.66e-16 | 1.00e+00 |  4.00e-03   |   4   |
|  176  |  174  | 10631 | +8.7470e+01 | 3.57e+03 | 3.79e-03 | 6.66e-16 | 1.00e+00 |  4.00e-03   |   4   |
|  177  |  175  | 10672 | +8.7425e+01 | 3.57e+03 | 3.77e-03 | 6.66e-16 | 1.00e+00 |  4.00e-03   |   4   |
|  178  |  176  | 10714 | +8.7383e+01 | 3.57e+03 | 3.77e-03 | 7.77e-16 | 1.00e+00 |  4.00e-03   |   4   |
|  179  |  177  | 10756 | +8.7357e+01 | 3.57e+03 | 3.73e-03 | 7.77e-16 | 1.00e+00 |  4.00e-03   |   4   |
|  180  |  178  | 10801 | +8.7342e+01 | 3.57e+03 | 3.63e-03 | 7.77e-16 | 1.00e+00 |  4.00e-03   |   4   |
|  181  |  179  | 10839 | +8.7316e+01 | 3.57e+03 | 3.54e-03 | 6.66e-16 | 1.00e+00 |  4.00e-03   |   4   |
|  182  |  180  | 10887 | +8.7290e+01 | 3.57e+03 | 3.38e-03 | 6.66e-16 | 1.00e+00 |  4.00e-03   |   4   |
|  183  |  181  | 10924 | +8.7256e+01 | 3.57e+03 | 3.30e-03 | 6.66e-16 | 1.00e+00 |  4.00e-03   |   4   |
|  184  |  182  | 10974 | +8.7238e+01 | 3.57e+03 | 3.11e-03 | 6.66e-16 | 1.00e+00 |  4.00e-03   |   4   |
|  185  |  183  | 11018 | +8.7208e+01 | 3.57e+03 | 3.00e-03 | 6.66e-16 | 1.00e+00 |  4.00e-03   |   4   |
|  186  |  184  | 11065 | +8.7193e+01 | 3.57e+03 | 2.82e-03 | 7.77e-16 | 1.00e+00 |  4.00e-03   |   4   |
|  187  |  185  | 11108 | +8.7170e+01 | 3.57e+03 | 2.66e-03 | 6.66e-16 | 1.00e+00 |  4.00e-03   |   4   |
|  188  |  186  | 11150 | +8.7163e+01 | 3.57e+03 | 2.40e-03 | 6.66e-16 | 1.00e+00 |  4.00e-03   |   4   |
|  189  |  187  | 11194 | +8.7149e+01 | 3.57e+03 | 2.33e-03 | 7.77e-16 | 1.00e+00 |  4.00e-03   |   4   |
|  190  |  188  | 11235 | +8.7131e+01 | 3.57e+03 | 2.33e-03 | 7.77e-16 | 1.00e+00 |  4.00e-03   |   4   |
|  191  |  189  | 11280 | +8.7113e+01 | 3.57e+03 | 2.31e-03 | 6.66e-16 | 1.00e+00 |  4.00e-03   |   4   |
|  192  |  190  | 11324 | +8.7096e+01 | 3.57e+03 | 2.27e-03 | 6.66e-16 | 1.00e+00 |  4.00e-03   |   4   |
|  193  |  191  | 11368 | +8.7085e+01 | 3.57e+03 | 2.20e-03 | 7.77e-16 | 1.00e+00 |  4.00e-03   |   4   |
|  194  |  192  | 11412 | +8.7074e+01 | 3.57e+03 | 2.13e-03 | 7.77e-16 | 1.00e+00 |  4.00e-03   |   4   |
|  195  |  193  | 11454 | +8.7064e+01 | 3.57e+03 | 2.05e-03 | 6.66e-16 | 1.00e+00 |  4.00e-03   |   4   |
|  196  |  194  | 11496 | +8.7051e+01 | 3.57e+03 | 1.96e-03 | 6.66e-16 | 1.00e+00 |  4.00e-03   |   4   |
|  197  |  195  | 11539 | +8.7036e+01 | 3.57e+03 | 1.88e-03 | 5.55e-16 | 1.00e+00 |  4.00e-03   |   4   |
|  198  |  196  | 11582 | +8.7023e+01 | 3.57e+03 | 1.81e-03 | 6.66e-16 | 1.00e+00 |  4.00e-03   |   4   |
|  199  |  197  | 11625 | +8.7011e+01 | 3.57e+03 | 1.72e-03 | 6.66e-16 | 1.00e+00 |  4.00e-03   |   4   |
|  200  |  198  | 11671 | +8.7000e+01 | 3.57e+03 | 1.67e-03 | 6.66e-16 | 1.00e+00 |  4.00e-03   |   4   |
|  201  |  199  | 11718 | +8.6986e+01 | 3.57e+03 | 1.65e-03 | 6.66e-16 | 1.00e+00 |  4.00e-03   |   4   |
|  202  |  200  | 11766 | +8.6971e+01 | 3.57e+03 | 1.62e-03 | 6.66e-16 | 1.00e+00 |  4.00e-03   |   4   |
|  203  |  201  | 11813 | +8.6957e+01 | 3.57e+03 | 1.59e-03 | 7.77e-16 | 1.00e+00 |  4.00e-03   |   4   |
|  204  |  202  | 11851 | +8.6945e+01 | 3.57e+03 | 1.58e-03 | 6.66e-16 | 1.00e+00 |  4.00e-03   |   4   |
|  205  |  203  | 11900 | +8.6936e+01 | 3.57e+03 | 1.54e-03 | 6.66e-16 | 1.00e+00 |  4.00e-03   |   4   |
|  206  |  204  | 11935 | +8.6922e+01 | 3.57e+03 | 1.57e-03 | 6.66e-16 | 1.00e+00 |  4.00e-03   |   4   |
|  207  |  205  | 11988 | +8.6910e+01 | 3.57e+03 | 1.49e-03 | 6.66e-16 | 1.00e+00 |  4.00e-03   |   4   |
|  208  |  206  | 12025 | +8.6895e+01 | 3.57e+03 | 1.54e-03 | 6.66e-16 | 1.00e+00 |  4.00e-03   |   4   |
|  209  |  207  | 12080 | +8.6890e+01 | 3.57e+03 | 1.57e-03 | 6.66e-16 | 1.00e+00 |  4.00e-03   |   4   |
|  210  |  208  | 12110 | +8.6877e+01 | 3.57e+03 | 1.63e-03 | 6.66e-16 | 1.00e+00 |  4.00e-03   |   4   |
|  211  |  209  | 12164 | +8.6870e+01 | 3.57e+03 | 1.61e-03 | 6.66e-16 | 1.00e+00 |  4.00e-03   |   4   |
|  212  |  210  | 12191 | +8.6858e+01 | 3.57e+03 | 1.69e-03 | 6.66e-16 | 1.00e+00 |  4.00e-03   |   4   |
|  213  |  211  | 12215 | +8.6847e+01 | 3.57e+03 | 1.75e-03 | 7.77e-16 | 1.00e+00 |  4.00e-03   |   4   |
|  214  |  212  | 12237 | +8.6838e+01 | 3.57e+03 | 1.81e-03 | 6.66e-16 | 1.00e+00 |  4.00e-03   |   4   |
|  215  |  213  | 12258 | +8.6829e+01 | 3.57e+03 | 1.87e-03 | 7.77e-16 | 1.00e+00 |  4.00e-03   |   4   |
|  216  |  214  | 12277 | +8.6821e+01 | 3.57e+03 | 1.92e-03 | 6.66e-16 | 1.00e+00 |  4.00e-03   |   4   |
|  217  |  215  | 12295 | +8.6815e+01 | 3.57e+03 | 1.97e-03 | 6.66e-16 | 1.00e+00 |  4.00e-03   |   4   |
|  218  |  216  | 12313 | +8.6808e+01 | 3.57e+03 | 2.01e-03 | 6.66e-16 | 1.00e+00 |  4.00e-03   |   4   |
|  219  |  217  | 12330 | +8.6803e+01 | 3.57e+03 | 2.05e-03 | 7.77e-16 | 1.00e+00 |  4.00e-03   |   4   |
|  220  |  218  | 12347 | +8.6797e+01 | 3.57e+03 | 2.08e-03 | 7.77e-16 | 1.00e+00 |  4.00e-03   |   4   |
|  221  |  219  | 12363 | +8.6793e+01 | 3.57e+03 | 2.12e-03 | 6.66e-16 | 1.00e+00 |  4.00e-03   |   4   |
|  222  |  220  | 12375 | +8.6791e+01 | 3.57e+03 | 2.16e-03 | 7.77e-16 | 1.00e+00 |  4.00e-03   |   4   |
|  223  |  221  | 12424 | +8.6786e+01 | 3.57e+03 | 2.26e-03 | 6.66e-16 | 1.00e+00 |  4.00e-03   |   4   |
|  224  |  222  | 12471 | +8.6784e+01 | 3.57e+03 | 2.31e-03 | 7.77e-16 | 1.00e+00 |  4.00e-03   |   4   |
|  225  |  224  | 12501 | +8.6784e+01 | 3.57e+02 | 2.31e-03 | 7.77e-16 | 1.00e+00 |  4.00e-03   |   4   |
|  226  |  226  | 12549 | +8.6784e+01 | 3.57e+01 | 2.31e-03 | 7.77e-16 | 1.00e+00 |  4.00e-03   |   4   |
|  227  |  228  | 12598 | +8.6784e+01 | 3.57e+00 | 2.31e-03 | 7.77e-16 | 1.00e+00 |  4.00e-03   |   4   |
|  228  |  230  | 12648 | +8.6784e+01 | 3.57e-01 | 2.31e-03 | 7.77e-16 | 1.00e+00 |  4.00e-03   |   4   |
|  229  |  232  | 12680 | +8.6784e+01 | 5.48e-02 | 2.31e-03 | 7.77e-16 | 1.00e+00 |  4.00e-03   |   2   |
|  230  |  234  | 12688 | +8.6784e+01 | 1.59e-02 | 2.31e-03 | 7.77e-16 | 1.00e+00 |  4.00e-03   |   2   |
|  231  |  236  | 12693 | +8.6784e+01 | 7.95e-03 | 2.31e-03 | 7.77e-16 | 1.00e+00 |  4.00e-03   |   2   |
|  232  |  238  | 12698 | +8.6784e+01 | 3.97e-03 | 2.31e-03 | 7.77e-16 | 1.00e+00 |  4.00e-03   |   2   |
|  233  |  239  | 12703 | +8.6784e+01 | 3.97e-03 | 2.30e-03 | 6.66e-16 | 1.00e+00 |  4.00e-03   |   2   |
|  234  |  240  | 12707 | +8.6784e+01 | 3.97e-03 | 2.30e-03 | 6.66e-16 | 1.00e+00 |  4.00e-03   |   2   |
|  235  |  242  | 12710 | +8.6784e+01 | 1.99e-03 | 2.30e-03 | 6.66e-16 | 1.00e+00 |  4.00e-03   |   2   |
|  236  |  244  | 12712 | +8.6784e+01 | 9.93e-04 | 2.30e-03 | 6.66e-16 | 1.00e+00 |  4.00e-03   |   2   |
|  237  |  245  | 12712 | +8.6784e+01 | 1.00e+00 | 1.97e-03 | 6.66e-16 | 1.00e+00 |  8.00e-04   |   0   |
|  238  |  246  | 12718 | +8.6537e+01 | 7.00e+00 | 1.33e-03 | 6.66e-16 | 1.00e+00 |  8.00e-04   |   2   |
|  239  |  247  | 12728 | +8.4799e+01 | 4.90e+01 | 2.28e-03 | 6.66e-16 | 1.00e+00 |  8.00e-04   |   2   |
|  240  |  248  | 12857 | +8.2948e+01 | 8.75e+01 | 2.37e-03 | 7.77e-16 | 1.00e+00 |  8.00e-04   |   4   |
|  241  |  249  | 13006 | +8.2254e+01 | 8.75e+01 | 2.27e-03 | 7.77e-16 | 1.00e+00 |  8.00e-04   |   4   |
|  242  |  250  | 13133 | +8.1999e+01 | 8.75e+01 | 2.37e-03 | 8.88e-16 | 1.00e+00 |  8.00e-04   |   4   |
|  243  |  252  | 13270 | +8.1999e+01 | 8.75e+00 | 2.37e-03 | 8.88e-16 | 1.00e+00 |  8.00e-04   |   4   |
|  244  |  254  | 13413 | +8.1999e+01 | 1.15e+00 | 2.37e-03 | 8.88e-16 | 1.00e+00 |  8.00e-04   |   4   |
|  245  |  256  | 13439 | +8.1999e+01 | 2.49e-01 | 2.37e-03 | 8.88e-16 | 1.00e+00 |  8.00e-04   |   2   |
|  246  |  258  | 13450 | +8.1999e+01 | 8.42e-02 | 2.37e-03 | 8.88e-16 | 1.00e+00 |  8.00e-04   |   2   |
|  247  |  260  | 13456 | +8.1999e+01 | 3.93e-02 | 2.37e-03 | 8.88e-16 | 1.00e+00 |  8.00e-04   |   2   |
|  248  |  262  | 13461 | +8.1999e+01 | 1.97e-02 | 2.37e-03 | 8.88e-16 | 1.00e+00 |  8.00e-04   |   2   |
|  249  |  264  | 13464 | +8.1999e+01 | 9.83e-03 | 2.37e-03 | 8.88e-16 | 1.00e+00 |  8.00e-04   |   2   |
|  250  |  265  | 13467 | +8.1999e+01 | 9.83e-03 | 2.35e-03 | 7.77e-16 | 1.00e+00 |  8.00e-04   |   2   |
|  251  |  266  | 13469 | +8.1999e+01 | 9.83e-03 | 2.34e-03 | 8.88e-16 | 1.00e+00 |  8.00e-04   |   2   |
|  252  |  267  | 13470 | +8.1999e+01 | 9.83e-03 | 2.33e-03 | 8.88e-16 | 1.00e+00 |  8.00e-04   |   2   |
|  253  |  268  | 13471 | +8.1999e+01 | 9.83e-03 | 2.31e-03 | 7.77e-16 | 1.00e+00 |  8.00e-04   |   2   |
|  254  |  269  | 13472 | +8.1998e+01 | 9.83e-03 | 2.30e-03 | 8.88e-16 | 1.00e+00 |  8.00e-04   |   2   |
|  255  |  270  | 13473 | +8.1998e+01 | 9.83e-03 | 2.29e-03 | 9.99e-16 | 1.00e+00 |  8.00e-04   |   2   |
|  256  |  271  | 13474 | +8.1998e+01 | 9.83e-03 | 2.27e-03 | 8.88e-16 | 1.00e+00 |  8.00e-04   |   2   |
|  257  |  272  | 13475 | +8.1998e+01 | 9.83e-03 | 2.26e-03 | 8.88e-16 | 1.00e+00 |  8.00e-04   |   2   |
|  258  |  273  | 13476 | +8.1998e+01 | 9.83e-03 | 2.25e-03 | 6.66e-16 | 1.00e+00 |  8.00e-04   |   2   |
|  259  |  274  | 13477 | +8.1998e+01 | 9.83e-03 | 2.23e-03 | 7.77e-16 | 1.00e+00 |  8.00e-04   |   2   |
|  260  |  275  | 13478 | +8.1998e+01 | 9.83e-03 | 2.22e-03 | 9.99e-16 | 1.00e+00 |  8.00e-04   |   2   |
|  261  |  276  | 13479 | +8.1998e+01 | 9.83e-03 | 2.21e-03 | 9.99e-16 | 1.00e+00 |  8.00e-04   |   2   |
|  262  |  277  | 13480 | +8.1998e+01 | 9.83e-03 | 2.20e-03 | 8.88e-16 | 1.00e+00 |  8.00e-04   |   2   |
|  263  |  278  | 13481 | +8.1998e+01 | 9.83e-03 | 2.18e-03 | 8.88e-16 | 1.00e+00 |  8.00e-04   |   2   |
|  264  |  279  | 13482 | +8.1997e+01 | 9.83e-03 | 2.17e-03 | 8.88e-16 | 1.00e+00 |  8.00e-04   |   2   |
|  265  |  280  | 13483 | +8.1997e+01 | 9.83e-03 | 2.16e-03 | 7.77e-16 | 1.00e+00 |  8.00e-04   |   2   |
|  266  |  281  | 13484 | +8.1997e+01 | 9.83e-03 | 2.14e-03 | 7.77e-16 | 1.00e+00 |  8.00e-04   |   2   |
|  267  |  282  | 13485 | +8.1997e+01 | 9.83e-03 | 2.13e-03 | 7.77e-16 | 1.00e+00 |  8.00e-04   |   2   |
|  268  |  283  | 13486 | +8.1997e+01 | 9.83e-03 | 2.12e-03 | 8.88e-16 | 1.00e+00 |  8.00e-04   |   2   |
|  269  |  284  | 13487 | +8.1997e+01 | 9.83e-03 | 2.11e-03 | 7.77e-16 | 1.00e+00 |  8.00e-04   |   2   |
|  270  |  285  | 13488 | +8.1997e+01 | 9.83e-03 | 2.09e-03 | 6.66e-16 | 1.00e+00 |  8.00e-04   |   2   |
|  271  |  286  | 13489 | +8.1997e+01 | 9.83e-03 | 2.08e-03 | 9.99e-16 | 1.00e+00 |  8.00e-04   |   2   |
|  272  |  287  | 13490 | +8.1997e+01 | 9.83e-03 | 2.07e-03 | 7.77e-16 | 1.00e+00 |  8.00e-04   |   2   |
|  273  |  288  | 13491 | +8.1997e+01 | 9.83e-03 | 2.05e-03 | 8.88e-16 | 1.00e+00 |  8.00e-04   |   2   |
|  274  |  289  | 13492 | +8.1996e+01 | 9.83e-03 | 2.04e-03 | 9.99e-16 | 1.00e+00 |  8.00e-04   |   2   |
|  275  |  290  | 13493 | +8.1996e+01 | 9.83e-03 | 2.03e-03 | 7.77e-16 | 1.00e+00 |  8.00e-04   |   2   |
|  276  |  291  | 13494 | +8.1996e+01 | 9.83e-03 | 2.02e-03 | 7.77e-16 | 1.00e+00 |  8.00e-04   |   2   |
|  277  |  292  | 13495 | +8.1996e+01 | 9.83e-03 | 2.00e-03 | 8.88e-16 | 1.00e+00 |  8.00e-04   |   2   |
|  278  |  293  | 13496 | +8.1996e+01 | 9.83e-03 | 1.99e-03 | 7.77e-16 | 1.00e+00 |  8.00e-04   |   2   |
|  279  |  294  | 13497 | +8.1996e+01 | 9.83e-03 | 1.98e-03 | 8.88e-16 | 1.00e+00 |  8.00e-04   |   2   |
|  280  |  295  | 13498 | +8.1996e+01 | 9.83e-03 | 1.97e-03 | 7.77e-16 | 1.00e+00 |  8.00e-04   |   2   |
|  281  |  296  | 13499 | +8.1996e+01 | 9.83e-03 | 1.96e-03 | 9.99e-16 | 1.00e+00 |  8.00e-04   |   2   |
|  282  |  297  | 13500 | +8.1996e+01 | 9.83e-03 | 1.94e-03 | 8.88e-16 | 1.00e+00 |  8.00e-04   |   2   |
|  283  |  298  | 13501 | +8.1995e+01 | 9.83e-03 | 1.93e-03 | 8.88e-16 | 1.00e+00 |  8.00e-04   |   2   |
|  284  |  299  | 13502 | +8.1995e+01 | 9.83e-03 | 1.92e-03 | 7.77e-16 | 1.00e+00 |  8.00e-04   |   2   |
|  285  |  300  | 13503 | +8.1995e+01 | 9.83e-03 | 1.91e-03 | 7.77e-16 | 1.00e+00 |  8.00e-04   |   2   |
|  286  |  301  | 13504 | +8.1995e+01 | 9.83e-03 | 1.89e-03 | 7.77e-16 | 1.00e+00 |  8.00e-04   |   2   |
|  287  |  302  | 13505 | +8.1995e+01 | 9.83e-03 | 1.88e-03 | 7.77e-16 | 1.00e+00 |  8.00e-04   |   2   |
|  288  |  303  | 13506 | +8.1995e+01 | 9.83e-03 | 1.87e-03 | 8.88e-16 | 1.00e+00 |  8.00e-04   |   2   |
|  289  |  304  | 13507 | +8.1995e+01 | 9.83e-03 | 1.86e-03 | 7.77e-16 | 1.00e+00 |  8.00e-04   |   2   |
|  290  |  305  | 13508 | +8.1995e+01 | 9.83e-03 | 1.85e-03 | 6.66e-16 | 1.00e+00 |  8.00e-04   |   2   |
|  291  |  306  | 13509 | +8.1995e+01 | 9.83e-03 | 1.83e-03 | 7.77e-16 | 1.00e+00 |  8.00e-04   |   2   |
|  292  |  307  | 13510 | +8.1994e+01 | 9.83e-03 | 1.82e-03 | 7.77e-16 | 1.00e+00 |  8.00e-04   |   2   |
|  293  |  308  | 13511 | +8.1994e+01 | 9.83e-03 | 1.81e-03 | 7.77e-16 | 1.00e+00 |  8.00e-04   |   2   |
|  294  |  309  | 13512 | +8.1994e+01 | 9.83e-03 | 1.80e-03 | 7.77e-16 | 1.00e+00 |  8.00e-04   |   2   |
|  295  |  310  | 13513 | +8.1994e+01 | 9.83e-03 | 1.79e-03 | 8.88e-16 | 1.00e+00 |  8.00e-04   |   2   |
|  296  |  311  | 13514 | +8.1994e+01 | 9.83e-03 | 1.77e-03 | 7.77e-16 | 1.00e+00 |  8.00e-04   |   2   |
|  297  |  312  | 13515 | +8.1994e+01 | 9.83e-03 | 1.76e-03 | 7.77e-16 | 1.00e+00 |  8.00e-04   |   2   |
|  298  |  313  | 13516 | +8.1994e+01 | 9.83e-03 | 1.75e-03 | 7.77e-16 | 1.00e+00 |  8.00e-04   |   2   |
|  299  |  314  | 13517 | +8.1994e+01 | 9.83e-03 | 1.74e-03 | 7.77e-16 | 1.00e+00 |  8.00e-04   |   2   |
|  300  |  315  | 13518 | +8.1994e+01 | 9.83e-03 | 1.73e-03 | 7.77e-16 | 1.00e+00 |  8.00e-04   |   2   |
|  301  |  316  | 13519 | +8.1993e+01 | 9.83e-03 | 1.72e-03 | 7.77e-16 | 1.00e+00 |  8.00e-04   |   2   |
|  302  |  317  | 13520 | +8.1993e+01 | 9.83e-03 | 1.71e-03 | 7.77e-16 | 1.00e+00 |  8.00e-04   |   2   |
|  303  |  318  | 13521 | +8.1993e+01 | 9.83e-03 | 1.69e-03 | 7.77e-16 | 1.00e+00 |  8.00e-04   |   2   |
|  304  |  319  | 13522 | +8.1993e+01 | 9.83e-03 | 1.68e-03 | 8.88e-16 | 1.00e+00 |  8.00e-04   |   2   |
|  305  |  320  | 13523 | +8.1993e+01 | 9.83e-03 | 1.67e-03 | 8.88e-16 | 1.00e+00 |  8.00e-04   |   2   |
|  306  |  321  | 13524 | +8.1993e+01 | 9.83e-03 | 1.66e-03 | 9.99e-16 | 1.00e+00 |  8.00e-04   |   2   |
|  307  |  322  | 13525 | +8.1993e+01 | 9.83e-03 | 1.65e-03 | 7.77e-16 | 1.00e+00 |  8.00e-04   |   2   |
|  308  |  323  | 13526 | +8.1993e+01 | 9.83e-03 | 1.64e-03 | 7.77e-16 | 1.00e+00 |  8.00e-04   |   2   |
|  309  |  324  | 13527 | +8.1992e+01 | 9.83e-03 | 1.63e-03 | 7.77e-16 | 1.00e+00 |  8.00e-04   |   2   |
|  310  |  325  | 13528 | +8.1992e+01 | 9.83e-03 | 1.61e-03 | 7.77e-16 | 1.00e+00 |  8.00e-04   |   2   |
|  311  |  326  | 13529 | +8.1992e+01 | 9.83e-03 | 1.60e-03 | 7.77e-16 | 1.00e+00 |  8.00e-04   |   2   |
|  312  |  327  | 13530 | +8.1992e+01 | 9.83e-03 | 1.59e-03 | 7.77e-16 | 1.00e+00 |  8.00e-04   |   2   |
|  313  |  328  | 13531 | +8.1992e+01 | 9.83e-03 | 1.58e-03 | 7.77e-16 | 1.00e+00 |  8.00e-04   |   2   |
|  314  |  329  | 13532 | +8.1992e+01 | 9.83e-03 | 1.57e-03 | 7.77e-16 | 1.00e+00 |  8.00e-04   |   2   |
|  315  |  330  | 13533 | +8.1992e+01 | 9.83e-03 | 1.56e-03 | 7.77e-16 | 1.00e+00 |  8.00e-04   |   2   |
|  316  |  331  | 13534 | +8.1992e+01 | 9.83e-03 | 1.55e-03 | 7.77e-16 | 1.00e+00 |  8.00e-04   |   2   |
|  317  |  332  | 13535 | +8.1991e+01 | 9.83e-03 | 1.54e-03 | 9.99e-16 | 1.00e+00 |  8.00e-04   |   2   |
|  318  |  333  | 13536 | +8.1991e+01 | 9.83e-03 | 1.53e-03 | 7.77e-16 | 1.00e+00 |  8.00e-04   |   2   |
|  319  |  334  | 13537 | +8.1991e+01 | 9.83e-03 | 1.52e-03 | 7.77e-16 | 1.00e+00 |  8.00e-04   |   2   |
|  320  |  335  | 13538 | +8.1991e+01 | 9.83e-03 | 1.50e-03 | 7.77e-16 | 1.00e+00 |  8.00e-04   |   2   |
|  321  |  336  | 13539 | +8.1991e+01 | 9.83e-03 | 1.49e-03 | 7.77e-16 | 1.00e+00 |  8.00e-04   |   2   |
|  322  |  337  | 13540 | +8.1991e+01 | 9.83e-03 | 1.48e-03 | 7.77e-16 | 1.00e+00 |  8.00e-04   |   2   |
|  323  |  338  | 13541 | +8.1991e+01 | 9.83e-03 | 1.47e-03 | 7.77e-16 | 1.00e+00 |  8.00e-04   |   2   |
|  324  |  339  | 13542 | +8.1990e+01 | 9.83e-03 | 1.46e-03 | 7.77e-16 | 1.00e+00 |  8.00e-04   |   2   |
|  325  |  340  | 13543 | +8.1990e+01 | 9.83e-03 | 1.45e-03 | 8.88e-16 | 1.00e+00 |  8.00e-04   |   2   |
|  326  |  341  | 13544 | +8.1990e+01 | 9.83e-03 | 1.44e-03 | 7.77e-16 | 1.00e+00 |  8.00e-04   |   2   |
|  327  |  342  | 13545 | +8.1990e+01 | 9.83e-03 | 1.43e-03 | 7.77e-16 | 1.00e+00 |  8.00e-04   |   2   |
|  328  |  343  | 13546 | +8.1990e+01 | 9.83e-03 | 1.43e-03 | 7.77e-16 | 1.00e+00 |  8.00e-04   |   2   |
|  329  |  344  | 13547 | +8.1990e+01 | 9.83e-03 | 1.42e-03 | 7.77e-16 | 1.00e+00 |  8.00e-04   |   2   |
|  330  |  345  | 13548 | +8.1990e+01 | 9.83e-03 | 1.41e-03 | 7.77e-16 | 1.00e+00 |  8.00e-04   |   2   |
|  331  |  346  | 13549 | +8.1989e+01 | 9.83e-03 | 1.41e-03 | 9.99e-16 | 1.00e+00 |  8.00e-04   |   2   |
|  332  |  347  | 13550 | +8.1989e+01 | 9.83e-03 | 1.40e-03 | 7.77e-16 | 1.00e+00 |  8.00e-04   |   2   |
|  333  |  348  | 13551 | +8.1989e+01 | 9.83e-03 | 1.40e-03 | 6.66e-16 | 1.00e+00 |  8.00e-04   |   2   |
|  334  |  349  | 13552 | +8.1989e+01 | 9.83e-03 | 1.39e-03 | 7.77e-16 | 1.00e+00 |  8.00e-04   |   2   |
|  335  |  350  | 13553 | +8.1989e+01 | 9.83e-03 | 1.39e-03 | 9.99e-16 | 1.00e+00 |  8.00e-04   |   2   |
|  336  |  351  | 13554 | +8.1989e+01 | 9.83e-03 | 1.38e-03 | 6.66e-16 | 1.00e+00 |  8.00e-04   |   2   |
|  337  |  352  | 13555 | +8.1989e+01 | 9.83e-03 | 1.37e-03 | 6.66e-16 | 1.00e+00 |  8.00e-04   |   2   |
|  338  |  353  | 13556 | +8.1988e+01 | 9.83e-03 | 1.37e-03 | 7.77e-16 | 1.00e+00 |  8.00e-04   |   2   |
|  339  |  354  | 13557 | +8.1988e+01 | 9.83e-03 | 1.36e-03 | 8.88e-16 | 1.00e+00 |  8.00e-04   |   2   |
|  340  |  355  | 13558 | +8.1988e+01 | 9.83e-03 | 1.36e-03 | 7.77e-16 | 1.00e+00 |  8.00e-04   |   2   |
|  341  |  356  | 13559 | +8.1988e+01 | 9.83e-03 | 1.35e-03 | 8.88e-16 | 1.00e+00 |  8.00e-04   |   2   |
|  342  |  357  | 13560 | +8.1988e+01 | 9.83e-03 | 1.35e-03 | 7.77e-16 | 1.00e+00 |  8.00e-04   |   2   |
|  343  |  358  | 13561 | +8.1988e+01 | 9.83e-03 | 1.34e-03 | 8.88e-16 | 1.00e+00 |  8.00e-04   |   2   |
|  344  |  359  | 13562 | +8.1988e+01 | 9.83e-03 | 1.33e-03 | 7.77e-16 | 1.00e+00 |  8.00e-04   |   2   |
|  345  |  360  | 13563 | +8.1987e+01 | 9.83e-03 | 1.33e-03 | 8.88e-16 | 1.00e+00 |  8.00e-04   |   2   |
|  346  |  361  | 13564 | +8.1987e+01 | 9.83e-03 | 1.32e-03 | 7.77e-16 | 1.00e+00 |  8.00e-04   |   2   |
|  347  |  362  | 13565 | +8.1987e+01 | 9.83e-03 | 1.32e-03 | 8.88e-16 | 1.00e+00 |  8.00e-04   |   2   |
|  348  |  363  | 13566 | +8.1987e+01 | 9.83e-03 | 1.31e-03 | 8.88e-16 | 1.00e+00 |  8.00e-04   |   2   |
|  349  |  364  | 13567 | +8.1987e+01 | 9.83e-03 | 1.30e-03 | 7.77e-16 | 1.00e+00 |  8.00e-04   |   2   |
|  350  |  365  | 13568 | +8.1987e+01 | 9.83e-03 | 1.30e-03 | 7.77e-16 | 1.00e+00 |  8.00e-04   |   2   |
|  351  |  366  | 13569 | +8.1986e+01 | 9.83e-03 | 1.29e-03 | 7.77e-16 | 1.00e+00 |  8.00e-04   |   2   |
|  352  |  367  | 13570 | +8.1986e+01 | 9.83e-03 | 1.29e-03 | 7.77e-16 | 1.00e+00 |  8.00e-04   |   2   |
|  353  |  368  | 13571 | +8.1986e+01 | 9.83e-03 | 1.28e-03 | 6.66e-16 | 1.00e+00 |  8.00e-04   |   2   |
|  354  |  369  | 13572 | +8.1986e+01 | 9.83e-03 | 1.28e-03 | 7.77e-16 | 1.00e+00 |  8.00e-04   |   2   |
|  355  |  370  | 13573 | +8.1986e+01 | 9.83e-03 | 1.27e-03 | 7.77e-16 | 1.00e+00 |  8.00e-04   |   2   |
|  356  |  371  | 13574 | +8.1986e+01 | 9.83e-03 | 1.26e-03 | 6.66e-16 | 1.00e+00 |  8.00e-04   |   2   |
|  357  |  372  | 13575 | +8.1986e+01 | 9.83e-03 | 1.26e-03 | 7.77e-16 | 1.00e+00 |  8.00e-04   |   2   |
|  358  |  373  | 13576 | +8.1985e+01 | 9.83e-03 | 1.25e-03 | 8.88e-16 | 1.00e+00 |  8.00e-04   |   2   |
|  359  |  374  | 13577 | +8.1985e+01 | 9.83e-03 | 1.25e-03 | 7.77e-16 | 1.00e+00 |  8.00e-04   |   2   |
|  360  |  375  | 13578 | +8.1985e+01 | 9.83e-03 | 1.24e-03 | 6.66e-16 | 1.00e+00 |  8.00e-04   |   2   |
|  361  |  376  | 13579 | +8.1985e+01 | 9.83e-03 | 1.24e-03 | 8.88e-16 | 1.00e+00 |  8.00e-04   |   2   |
|  362  |  377  | 13580 | +8.1985e+01 | 9.83e-03 | 1.23e-03 | 8.88e-16 | 1.00e+00 |  8.00e-04   |   2   |
|  363  |  378  | 13581 | +8.1984e+01 | 9.83e-03 | 1.22e-03 | 7.77e-16 | 1.00e+00 |  8.00e-04   |   2   |
|  364  |  379  | 13582 | +8.1984e+01 | 9.83e-03 | 1.22e-03 | 8.88e-16 | 1.00e+00 |  8.00e-04   |   2   |
|  365  |  380  | 13583 | +8.1984e+01 | 1.97e-02 | 1.21e-03 | 7.77e-16 | 1.00e+00 |  8.00e-04   |   2   |
|  366  |  381  | 13584 | +8.1984e+01 | 3.93e-02 | 1.20e-03 | 7.77e-16 | 1.00e+00 |  8.00e-04   |   2   |
|  367  |  382  | 13585 | +8.1983e+01 | 7.86e-02 | 1.18e-03 | 7.77e-16 | 1.00e+00 |  8.00e-04   |   2   |
|  368  |  383  | 13586 | +8.1982e+01 | 1.57e-01 | 1.13e-03 | 7.77e-16 | 1.00e+00 |  8.00e-04   |   2   |
|  369  |  384  | 13587 | +8.1979e+01 | 3.14e-01 | 1.04e-03 | 6.66e-16 | 1.00e+00 |  8.00e-04   |   2   |
|  370  |  385  | 13588 | +8.1972e+01 | 6.29e-01 | 8.57e-04 | 8.88e-16 | 1.00e+00 |  8.00e-04   |   2   |
`gtol` termination condition is satisfied.
Number of iterations: 370, function evaluations: 385, CG iterations: 13588, optimality: 8.57e-04, constraint violation: 8.88e-16, execution time: 6.3e+03 s.
