C:\Users\Joel-Desktop\PycharmProjects\ANN_derivatives_TO\ANN_derivatives_TO\venv\Scripts\python.exe "C:/Program Files/JetBrains/PyCharm 2022.2.3/plugins/python/helpers/pydev/pydevconsole.py" --mode=client --host=127.0.0.1 --port=49659 
import sys; print('Python %s on %s' % (sys.version, sys.platform))
sys.path.extend(['C:\\Users\\Joel-Desktop\\PycharmProjects\\ANN_derivatives_TO\\ANN_derivatives_TO'])
Python 3.9.13 (tags/v3.9.13:6de2ca5, May 17 2022, 16:36:42) [MSC v.1929 64 bit (AMD64)]
Type 'copyright', 'credits' or 'license' for more information
IPython 8.14.0 -- An enhanced Interactive Python. Type '?' for help.
PyDev console: using IPython 8.14.0
Python 3.9.13 (tags/v3.9.13:6de2ca5, May 17 2022, 16:36:42) [MSC v.1929 64 bit (AMD64)] on win32
runfile('C:\\Users\\Joel-Desktop\\PycharmProjects\\ANN_derivatives_TO\\ANN_derivatives_TO\\Run_SIMPTO_ANN.py', wdir='C:\\Users\\Joel-Desktop\\PycharmProjects\\ANN_derivatives_TO\\ANN_derivatives_TO')
| niter |f evals|CG iter|  obj func   |tr radius |   opt    |  c viol  | penalty  |barrier param|CG stop|
|-------|-------|-------|-------------|----------|----------|----------|----------|-------------|-------|
|   1   |   1   |   0   | +3.5760e+02 | 1.00e+00 | 4.49e+00 | 0.00e+00 | 1.00e+00 |  1.00e-01   |   0   |
C:\Users\Joel-Desktop\PycharmProjects\ANN_derivatives_TO\ANN_derivatives_TO\venv\lib\site-packages\scipy\optimize\_hessian_update_strategy.py:182: UserWarning: delta_grad == 0.0. Check if the approximated function is linear. If the function is linear better results can be obtained by defining the Hessian as zero instead of using quasi-Newton approximations.
  warn('delta_grad == 0.0. Check if the approximated '
|   2   |   2   |   1   | +3.2413e+02 | 7.00e+00 | 1.58e+00 | 5.55e-17 | 1.00e+00 |  1.00e-01   |   2   |
|   3   |   3   |   3   | +2.8861e+02 | 1.36e+01 | 4.89e-01 | 1.11e-16 | 1.00e+00 |  1.00e-01   |   4   |
|   4   |   4   |   6   | +2.4242e+02 | 2.87e+01 | 1.84e-01 | 0.00e+00 | 1.00e+00 |  1.00e-01   |   4   |
|   5   |   5   |  20   | +2.1868e+02 | 2.87e+01 | 1.20e-01 | 1.11e-16 | 1.00e+00 |  1.00e-01   |   4   |
|   6   |   6   |  45   | +2.1868e+02 | 2.87e+00 | 1.20e-01 | 1.11e-16 | 1.00e+00 |  1.00e-01   |   2   |
|   7   |   7   |  48   | +2.0431e+02 | 2.01e+01 | 9.51e-02 | 0.00e+00 | 1.00e+00 |  1.00e-01   |   2   |
|   8   |   8   |  76   | +1.8790e+02 | 1.41e+02 | 7.35e-02 | 2.22e-16 | 1.00e+00 |  1.00e-01   |   2   |
|   9   |   9   |  139  | +1.8790e+02 | 1.41e+01 | 7.35e-02 | 2.22e-16 | 1.00e+00 |  1.00e-01   |   2   |
|  10   |  10   |  169  | +1.8790e+02 | 1.41e+00 | 7.35e-02 | 2.22e-16 | 1.00e+00 |  1.00e-01   |   2   |
|  11   |  11   |  172  | +1.8367e+02 | 9.84e+00 | 6.58e-02 | 2.22e-16 | 1.00e+00 |  1.00e-01   |   2   |
|  12   |  12   |  198  | +1.7792e+02 | 6.89e+01 | 4.72e-02 | 2.22e-16 | 1.00e+00 |  1.00e-01   |   2   |
|  13   |  13   |  241  | +1.7294e+02 | 1.21e+02 | 3.79e-02 | 0.00e+00 | 1.00e+00 |  1.00e-01   |   4   |
|  14   |  14   |  253  | +1.7099e+02 | 1.21e+02 | 3.69e-02 | 2.22e-16 | 1.00e+00 |  1.00e-01   |   4   |
|  15   |  15   |  267  | +1.6882e+02 | 1.21e+02 | 3.50e-02 | 0.00e+00 | 1.00e+00 |  1.00e-01   |   4   |
|  16   |  16   |  283  | +1.6643e+02 | 1.21e+02 | 3.06e-02 | 1.11e-16 | 1.00e+00 |  1.00e-01   |   4   |
|  17   |  17   |  301  | +1.6507e+02 | 1.21e+02 | 2.48e-02 | 1.11e-16 | 1.00e+00 |  1.00e-01   |   4   |
|  18   |  18   |  325  | +1.6498e+02 | 1.21e+02 | 2.19e-02 | 1.11e-16 | 1.00e+00 |  1.00e-01   |   4   |
|  19   |  19   |  344  | +1.6400e+02 | 1.21e+02 | 1.96e-02 | 1.11e-16 | 1.00e+00 |  1.00e-01   |   4   |
|  20   |  19   |  344  | +1.6400e+02 | 6.06e+02 | 2.43e-02 | 1.11e-16 | 1.00e+00 |  2.00e-02   |   0   |
|  21   |  20   |  366  | +1.5452e+02 | 6.06e+02 | 2.55e-02 | 1.11e-16 | 1.00e+00 |  2.00e-02   |   4   |
|  22   |  21   |  528  | +1.4998e+02 | 6.06e+02 | 2.80e-02 | 1.11e-16 | 1.00e+00 |  2.00e-02   |   4   |
|  23   |  22   |  732  | +1.4822e+02 | 6.06e+02 | 2.90e-02 | 2.22e-16 | 1.00e+00 |  2.00e-02   |   4   |
|  24   |  23   |  766  | +1.4641e+02 | 6.06e+02 | 2.94e-02 | 3.33e-16 | 1.00e+00 |  2.00e-02   |   4   |
|  25   |  24   |  801  | +1.4498e+02 | 6.06e+02 | 2.87e-02 | 2.22e-16 | 1.00e+00 |  2.00e-02   |   4   |
|  26   |  25   |  984  | +1.4337e+02 | 6.06e+02 | 2.59e-02 | 1.11e-16 | 1.00e+00 |  2.00e-02   |   4   |
|  27   |  26   | 1032  | +1.4267e+02 | 6.06e+02 | 2.43e-02 | 1.11e-16 | 1.00e+00 |  2.00e-02   |   4   |
|  28   |  27   | 1085  | +1.4126e+02 | 6.06e+02 | 2.22e-02 | 1.11e-16 | 1.00e+00 |  2.00e-02   |   4   |
|  29   |  28   | 1121  | +1.4029e+02 | 6.06e+02 | 2.08e-02 | 2.22e-16 | 1.00e+00 |  2.00e-02   |   4   |
|  30   |  29   | 1161  | +1.3938e+02 | 6.06e+02 | 1.99e-02 | 1.11e-16 | 1.00e+00 |  2.00e-02   |   4   |
|  31   |  30   | 1206  | +1.3841e+02 | 6.06e+02 | 1.90e-02 | 1.11e-16 | 1.00e+00 |  2.00e-02   |   4   |
|  32   |  31   | 1245  | +1.3738e+02 | 6.06e+02 | 1.84e-02 | 1.11e-16 | 1.00e+00 |  2.00e-02   |   4   |
|  33   |  32   | 1282  | +1.3644e+02 | 6.06e+02 | 1.80e-02 | 2.22e-16 | 1.00e+00 |  2.00e-02   |   4   |
|  34   |  33   | 1322  | +1.3565e+02 | 6.06e+02 | 1.69e-02 | 2.22e-16 | 1.00e+00 |  2.00e-02   |   4   |
|  35   |  34   | 1384  | +1.3513e+02 | 6.06e+02 | 1.56e-02 | 1.11e-16 | 1.00e+00 |  2.00e-02   |   4   |
|  36   |  35   | 1510  | +1.3414e+02 | 6.06e+02 | 1.44e-02 | 1.11e-16 | 1.00e+00 |  2.00e-02   |   4   |
|  37   |  36   | 1545  | +1.3325e+02 | 6.06e+02 | 1.37e-02 | 2.22e-16 | 1.00e+00 |  2.00e-02   |   4   |
|  38   |  37   | 1596  | +1.3250e+02 | 6.06e+02 | 1.37e-02 | 2.22e-16 | 1.00e+00 |  2.00e-02   |   4   |
|  39   |  38   | 1634  | +1.3167e+02 | 6.06e+02 | 1.30e-02 | 1.11e-16 | 1.00e+00 |  2.00e-02   |   4   |
|  40   |  39   | 1670  | +1.3093e+02 | 6.06e+02 | 1.42e-02 | 2.22e-16 | 1.00e+00 |  2.00e-02   |   4   |
|  41   |  40   | 1720  | +1.3041e+02 | 6.06e+02 | 1.50e-02 | 1.11e-16 | 1.00e+00 |  2.00e-02   |   4   |
|  42   |  41   | 1766  | +1.2978e+02 | 6.06e+02 | 1.50e-02 | 2.22e-16 | 1.00e+00 |  2.00e-02   |   4   |
|  43   |  42   | 1809  | +1.2913e+02 | 6.06e+02 | 1.40e-02 | 2.22e-16 | 1.00e+00 |  2.00e-02   |   4   |
|  44   |  43   | 1845  | +1.2819e+02 | 6.06e+02 | 1.37e-02 | 0.00e+00 | 1.00e+00 |  2.00e-02   |   4   |
|  45   |  44   | 1875  | +1.2783e+02 | 6.06e+02 | 1.43e-02 | 1.11e-16 | 1.00e+00 |  2.00e-02   |   4   |
|  46   |  45   | 1913  | +1.2713e+02 | 6.06e+02 | 1.43e-02 | 5.55e-17 | 1.00e+00 |  2.00e-02   |   4   |
|  47   |  46   | 1950  | +1.2679e+02 | 6.06e+02 | 1.33e-02 | 1.11e-16 | 1.00e+00 |  2.00e-02   |   4   |
|  48   |  47   | 1983  | +1.2624e+02 | 6.06e+02 | 1.22e-02 | 1.11e-16 | 1.00e+00 |  2.00e-02   |   4   |
|  49   |  48   | 2008  | +1.2579e+02 | 6.06e+02 | 1.10e-02 | 1.11e-16 | 1.00e+00 |  2.00e-02   |   4   |
|  50   |  49   | 2048  | +1.2535e+02 | 6.06e+02 | 1.00e-02 | 0.00e+00 | 1.00e+00 |  2.00e-02   |   4   |
|  51   |  50   | 2075  | +1.2478e+02 | 6.06e+02 | 9.51e-03 | 1.11e-16 | 1.00e+00 |  2.00e-02   |   4   |
|  52   |  51   | 2117  | +1.2415e+02 | 6.06e+02 | 7.67e-03 | 5.55e-17 | 1.00e+00 |  2.00e-02   |   4   |
|  53   |  52   | 2150  | +1.2380e+02 | 6.06e+02 | 7.25e-03 | 2.22e-16 | 1.00e+00 |  2.00e-02   |   4   |
|  54   |  52   | 2150  | +1.2380e+02 | 3.03e+03 | 8.69e-03 | 2.22e-16 | 1.00e+00 |  4.00e-03   |   0   |
|  55   |  53   | 2203  | +1.1980e+02 | 3.03e+03 | 8.39e-03 | 1.11e-16 | 1.00e+00 |  4.00e-03   |   4   |
|  56   |  54   | 2255  | +1.1640e+02 | 3.03e+03 | 9.85e-03 | 0.00e+00 | 1.00e+00 |  4.00e-03   |   4   |
|  57   |  55   | 2324  | +1.1512e+02 | 3.03e+03 | 1.04e-02 | 0.00e+00 | 1.00e+00 |  4.00e-03   |   4   |
|  58   |  56   | 2443  | +1.1400e+02 | 3.03e+03 | 1.09e-02 | 2.22e-16 | 1.00e+00 |  4.00e-03   |   4   |
|  59   |  57   | 2541  | +1.1304e+02 | 3.03e+03 | 1.10e-02 | 5.55e-17 | 1.00e+00 |  4.00e-03   |   4   |
|  60   |  58   | 2905  | +1.1260e+02 | 3.03e+03 | 1.09e-02 | 0.00e+00 | 1.00e+00 |  4.00e-03   |   4   |
|  61   |  59   | 2956  | +1.1213e+02 | 3.03e+03 | 1.06e-02 | 5.55e-17 | 1.00e+00 |  4.00e-03   |   4   |
|  62   |  60   | 3036  | +1.1151e+02 | 3.03e+03 | 1.04e-02 | 5.55e-17 | 1.00e+00 |  4.00e-03   |   4   |
|  63   |  61   | 3132  | +1.1109e+02 | 3.03e+03 | 9.84e-03 | 0.00e+00 | 1.00e+00 |  4.00e-03   |   4   |
|  64   |  62   | 3259  | +1.1043e+02 | 3.03e+03 | 9.86e-03 | 1.11e-16 | 1.00e+00 |  4.00e-03   |   4   |
|  65   |  63   | 3338  | +1.0989e+02 | 3.03e+03 | 1.00e-02 | 0.00e+00 | 1.00e+00 |  4.00e-03   |   4   |
|  66   |  64   | 3394  | +1.0933e+02 | 3.03e+03 | 1.02e-02 | 1.11e-16 | 1.00e+00 |  4.00e-03   |   4   |
|  67   |  65   | 3496  | +1.0871e+02 | 3.03e+03 | 1.03e-02 | 0.00e+00 | 1.00e+00 |  4.00e-03   |   4   |
|  68   |  66   | 3990  | +1.0866e+02 | 3.03e+03 | 1.02e-02 | 2.22e-16 | 1.00e+00 |  4.00e-03   |   4   |
|  69   |  67   | 4035  | +1.0826e+02 | 3.03e+03 | 1.04e-02 | 3.33e-16 | 1.00e+00 |  4.00e-03   |   4   |
|  70   |  68   | 4102  | +1.0760e+02 | 3.03e+03 | 1.06e-02 | 2.22e-16 | 1.00e+00 |  4.00e-03   |   4   |
|  71   |  69   | 4163  | +1.0708e+02 | 3.03e+03 | 1.07e-02 | 2.22e-16 | 1.00e+00 |  4.00e-03   |   4   |
|  72   |  70   | 4289  | +1.0679e+02 | 3.03e+03 | 1.04e-02 | 2.22e-16 | 1.00e+00 |  4.00e-03   |   4   |
|  73   |  71   | 4348  | +1.0632e+02 | 3.03e+03 | 1.02e-02 | 1.11e-16 | 1.00e+00 |  4.00e-03   |   4   |
|  74   |  72   | 4615  | +1.0634e+02 | 3.03e+03 | 9.71e-03 | 1.22e-15 | 1.00e+00 |  4.00e-03   |   4   |
|  75   |  73   | 4663  | +1.0593e+02 | 3.03e+03 | 9.68e-03 | 1.11e-15 | 1.00e+00 |  4.00e-03   |   4   |
|  76   |  74   | 4724  | +1.0546e+02 | 3.03e+03 | 9.67e-03 | 1.22e-15 | 1.00e+00 |  4.00e-03   |   4   |
|  77   |  75   | 4788  | +1.0508e+02 | 3.03e+03 | 9.64e-03 | 1.11e-15 | 1.00e+00 |  4.00e-03   |   4   |
|  78   |  76   | 4847  | +1.0483e+02 | 3.03e+03 | 9.50e-03 | 1.22e-15 | 1.00e+00 |  4.00e-03   |   4   |
|  79   |  77   | 4915  | +1.0440e+02 | 3.03e+03 | 9.24e-03 | 1.11e-15 | 1.00e+00 |  4.00e-03   |   4   |
|  80   |  78   | 4978  | +1.0425e+02 | 3.03e+03 | 9.00e-03 | 1.11e-15 | 1.00e+00 |  4.00e-03   |   4   |
|  81   |  79   | 5062  | +1.0406e+02 | 3.03e+03 | 8.78e-03 | 1.11e-15 | 1.00e+00 |  4.00e-03   |   4   |
|  82   |  80   | 5124  | +1.0380e+02 | 3.03e+03 | 8.23e-03 | 1.11e-15 | 1.00e+00 |  4.00e-03   |   4   |
|  83   |  81   | 5180  | +1.0347e+02 | 3.03e+03 | 7.99e-03 | 1.22e-15 | 1.00e+00 |  4.00e-03   |   4   |
|  84   |  82   | 5250  | +1.0325e+02 | 3.03e+03 | 7.83e-03 | 1.11e-15 | 1.00e+00 |  4.00e-03   |   4   |
|  85   |  83   | 5317  | +1.0293e+02 | 3.03e+03 | 8.03e-03 | 1.11e-15 | 1.00e+00 |  4.00e-03   |   4   |
|  86   |  84   | 5387  | +1.0265e+02 | 3.03e+03 | 8.11e-03 | 1.11e-15 | 1.00e+00 |  4.00e-03   |   4   |
|  87   |  85   | 5444  | +1.0235e+02 | 3.03e+03 | 8.19e-03 | 1.22e-15 | 1.00e+00 |  4.00e-03   |   4   |
|  88   |  86   | 5519  | +1.0217e+02 | 3.03e+03 | 8.37e-03 | 1.22e-15 | 1.00e+00 |  4.00e-03   |   4   |
|  89   |  87   | 5584  | +1.0186e+02 | 3.03e+03 | 8.45e-03 | 1.11e-15 | 1.00e+00 |  4.00e-03   |   4   |
|  90   |  88   | 5643  | +1.0148e+02 | 3.03e+03 | 8.72e-03 | 1.11e-15 | 1.00e+00 |  4.00e-03   |   4   |
|  91   |  89   | 5709  | +1.0115e+02 | 3.03e+03 | 8.65e-03 | 1.11e-15 | 1.00e+00 |  4.00e-03   |   4   |
|  92   |  90   | 5771  | +1.0096e+02 | 3.03e+03 | 8.77e-03 | 1.22e-15 | 1.00e+00 |  4.00e-03   |   4   |
|  93   |  91   | 5846  | +1.0071e+02 | 3.03e+03 | 8.58e-03 | 1.11e-15 | 1.00e+00 |  4.00e-03   |   4   |
|  94   |  92   | 5899  | +1.0050e+02 | 3.03e+03 | 8.92e-03 | 1.11e-15 | 1.00e+00 |  4.00e-03   |   4   |
|  95   |  93   | 5982  | +1.0012e+02 | 3.03e+03 | 9.07e-03 | 9.99e-16 | 1.00e+00 |  4.00e-03   |   4   |
|  96   |  94   | 6056  | +9.9918e+01 | 3.03e+03 | 9.14e-03 | 9.99e-16 | 1.00e+00 |  4.00e-03   |   4   |
|  97   |  95   | 6121  | +9.9667e+01 | 3.03e+03 | 9.14e-03 | 1.22e-15 | 1.00e+00 |  4.00e-03   |   4   |
|  98   |  96   | 6195  | +9.9425e+01 | 3.03e+03 | 9.09e-03 | 9.99e-16 | 1.00e+00 |  4.00e-03   |   4   |
|  99   |  97   | 6258  | +9.9146e+01 | 3.03e+03 | 9.22e-03 | 1.11e-15 | 1.00e+00 |  4.00e-03   |   4   |
|  100  |  98   | 6321  | +9.8942e+01 | 3.03e+03 | 9.12e-03 | 9.99e-16 | 1.00e+00 |  4.00e-03   |   4   |
|  101  |  99   | 6385  | +9.8527e+01 | 3.03e+03 | 9.20e-03 | 1.11e-15 | 1.00e+00 |  4.00e-03   |   4   |
|  102  |  100  | 6439  | +9.8344e+01 | 3.03e+03 | 9.14e-03 | 9.99e-16 | 1.00e+00 |  4.00e-03   |   4   |
|  103  |  101  | 6498  | +9.7916e+01 | 3.03e+03 | 9.33e-03 | 1.11e-15 | 1.00e+00 |  4.00e-03   |   4   |
|  104  |  102  | 6587  | +9.7682e+01 | 3.03e+03 | 9.47e-03 | 1.11e-15 | 1.00e+00 |  4.00e-03   |   4   |
|  105  |  103  | 6646  | +9.7290e+01 | 3.03e+03 | 9.26e-03 | 9.99e-16 | 1.00e+00 |  4.00e-03   |   4   |
|  106  |  104  | 6698  | +9.6909e+01 | 3.03e+03 | 9.39e-03 | 1.11e-15 | 1.00e+00 |  4.00e-03   |   4   |
|  107  |  105  | 6765  | +9.6539e+01 | 3.03e+03 | 9.83e-03 | 9.99e-16 | 1.00e+00 |  4.00e-03   |   4   |
|  108  |  106  | 6830  | +9.6373e+01 | 3.03e+03 | 1.03e-02 | 1.11e-15 | 1.00e+00 |  4.00e-03   |   4   |
|  109  |  107  | 6903  | +9.6013e+01 | 3.03e+03 | 1.00e-02 | 1.22e-15 | 1.00e+00 |  4.00e-03   |   4   |
|  110  |  108  | 6970  | +9.5699e+01 | 3.03e+03 | 1.01e-02 | 1.22e-15 | 1.00e+00 |  4.00e-03   |   4   |
|  111  |  109  | 7037  | +9.5398e+01 | 3.03e+03 | 9.41e-03 | 1.22e-15 | 1.00e+00 |  4.00e-03   |   4   |
|  112  |  110  | 7112  | +9.5053e+01 | 3.03e+03 | 9.26e-03 | 1.11e-15 | 1.00e+00 |  4.00e-03   |   4   |
|  113  |  111  | 7185  | +9.4694e+01 | 3.03e+03 | 8.44e-03 | 1.22e-15 | 1.00e+00 |  4.00e-03   |   4   |
|  114  |  112  | 7251  | +9.4402e+01 | 3.03e+03 | 8.32e-03 | 9.99e-16 | 1.00e+00 |  4.00e-03   |   4   |
|  115  |  113  | 7320  | +9.4071e+01 | 3.03e+03 | 8.07e-03 | 1.22e-15 | 1.00e+00 |  4.00e-03   |   4   |
|  116  |  114  | 7390  | +9.3830e+01 | 3.03e+03 | 7.57e-03 | 9.99e-16 | 1.00e+00 |  4.00e-03   |   4   |
|  117  |  115  | 7472  | +9.3586e+01 | 3.03e+03 | 7.50e-03 | 1.11e-15 | 1.00e+00 |  4.00e-03   |   4   |
|  118  |  116  | 7557  | +9.3367e+01 | 3.03e+03 | 7.14e-03 | 9.99e-16 | 1.00e+00 |  4.00e-03   |   4   |
|  119  |  117  | 7611  | +9.3095e+01 | 3.03e+03 | 7.03e-03 | 1.11e-15 | 1.00e+00 |  4.00e-03   |   4   |
|  120  |  118  | 7741  | +9.2829e+01 | 3.03e+03 | 7.16e-03 | 9.99e-16 | 1.00e+00 |  4.00e-03   |   4   |
|  121  |  119  | 7799  | +9.2593e+01 | 3.03e+03 | 7.33e-03 | 1.11e-15 | 1.00e+00 |  4.00e-03   |   4   |
|  122  |  120  | 7867  | +9.2287e+01 | 3.03e+03 | 7.57e-03 | 1.22e-15 | 1.00e+00 |  4.00e-03   |   4   |
|  123  |  121  | 7939  | +9.2115e+01 | 3.03e+03 | 7.55e-03 | 1.11e-15 | 1.00e+00 |  4.00e-03   |   4   |
|  124  |  122  | 8001  | +9.1821e+01 | 3.03e+03 | 7.53e-03 | 9.99e-16 | 1.00e+00 |  4.00e-03   |   4   |
|  125  |  123  | 8097  | +9.1519e+01 | 3.03e+03 | 7.29e-03 | 1.11e-15 | 1.00e+00 |  4.00e-03   |   4   |
|  126  |  124  | 8153  | +9.1421e+01 | 3.03e+03 | 7.14e-03 | 7.77e-16 | 1.00e+00 |  4.00e-03   |   4   |
|  127  |  125  | 8289  | +9.1292e+01 | 3.03e+03 | 7.25e-03 | 1.11e-15 | 1.00e+00 |  4.00e-03   |   4   |
|  128  |  126  | 8350  | +9.1108e+01 | 3.03e+03 | 7.24e-03 | 9.99e-16 | 1.00e+00 |  4.00e-03   |   4   |
|  129  |  127  | 8423  | +9.0904e+01 | 3.03e+03 | 7.35e-03 | 9.99e-16 | 1.00e+00 |  4.00e-03   |   4   |
|  130  |  128  | 8479  | +9.0702e+01 | 3.03e+03 | 7.36e-03 | 9.99e-16 | 1.00e+00 |  4.00e-03   |   4   |
|  131  |  129  | 8576  | +9.0560e+01 | 3.03e+03 | 7.24e-03 | 1.11e-15 | 1.00e+00 |  4.00e-03   |   4   |
|  132  |  130  | 8623  | +9.0460e+01 | 3.03e+03 | 7.18e-03 | 9.99e-16 | 1.00e+00 |  4.00e-03   |   4   |
|  133  |  131  | 8679  | +9.0346e+01 | 3.03e+03 | 7.17e-03 | 1.11e-15 | 1.00e+00 |  4.00e-03   |   4   |
|  134  |  132  | 8727  | +9.0338e+01 | 3.03e+03 | 7.15e-03 | 9.99e-16 | 1.00e+00 |  4.00e-03   |   4   |
|  135  |  133  | 8778  | +9.0221e+01 | 3.03e+03 | 7.03e-03 | 9.99e-16 | 1.00e+00 |  4.00e-03   |   4   |
|  136  |  134  | 8821  | +9.0177e+01 | 3.03e+03 | 7.01e-03 | 9.99e-16 | 1.00e+00 |  4.00e-03   |   4   |
|  137  |  135  | 8873  | +9.0079e+01 | 3.03e+03 | 6.96e-03 | 9.99e-16 | 1.00e+00 |  4.00e-03   |   4   |
|  138  |  136  | 8927  | +9.0040e+01 | 3.03e+03 | 6.80e-03 | 9.99e-16 | 1.00e+00 |  4.00e-03   |   4   |
|  139  |  137  | 8985  | +8.9910e+01 | 3.03e+03 | 6.79e-03 | 9.99e-16 | 1.00e+00 |  4.00e-03   |   4   |
|  140  |  138  | 9033  | +8.9785e+01 | 3.03e+03 | 6.64e-03 | 9.99e-16 | 1.00e+00 |  4.00e-03   |   4   |
|  141  |  139  | 9085  | +8.9711e+01 | 3.03e+03 | 6.40e-03 | 9.99e-16 | 1.00e+00 |  4.00e-03   |   4   |
|  142  |  140  | 9133  | +8.9653e+01 | 3.03e+03 | 6.17e-03 | 9.99e-16 | 1.00e+00 |  4.00e-03   |   4   |
|  143  |  141  | 9181  | +8.9536e+01 | 3.03e+03 | 6.22e-03 | 9.99e-16 | 1.00e+00 |  4.00e-03   |   4   |
|  144  |  142  | 9232  | +8.9425e+01 | 3.03e+03 | 6.03e-03 | 9.99e-16 | 1.00e+00 |  4.00e-03   |   4   |
|  145  |  143  | 9274  | +8.9346e+01 | 3.03e+03 | 6.02e-03 | 8.88e-16 | 1.00e+00 |  4.00e-03   |   4   |
|  146  |  144  | 9329  | +8.9229e+01 | 3.03e+03 | 5.95e-03 | 9.99e-16 | 1.00e+00 |  4.00e-03   |   4   |
|  147  |  145  | 9368  | +8.9184e+01 | 3.03e+03 | 5.97e-03 | 9.99e-16 | 1.00e+00 |  4.00e-03   |   4   |
|  148  |  146  | 9415  | +8.9072e+01 | 3.03e+03 | 5.78e-03 | 8.88e-16 | 1.00e+00 |  4.00e-03   |   4   |
|  149  |  147  | 9453  | +8.9008e+01 | 3.03e+03 | 5.63e-03 | 9.99e-16 | 1.00e+00 |  4.00e-03   |   4   |
|  150  |  148  | 9490  | +8.8926e+01 | 3.03e+03 | 5.49e-03 | 8.88e-16 | 1.00e+00 |  4.00e-03   |   4   |
|  151  |  149  | 9545  | +8.8863e+01 | 3.03e+03 | 5.62e-03 | 9.99e-16 | 1.00e+00 |  4.00e-03   |   4   |
|  152  |  150  | 9581  | +8.8808e+01 | 3.03e+03 | 5.39e-03 | 9.99e-16 | 1.00e+00 |  4.00e-03   |   4   |
|  153  |  151  | 9633  | +8.8728e+01 | 3.03e+03 | 5.13e-03 | 9.99e-16 | 1.00e+00 |  4.00e-03   |   4   |
|  154  |  152  | 9673  | +8.8667e+01 | 3.03e+03 | 5.10e-03 | 8.88e-16 | 1.00e+00 |  4.00e-03   |   4   |
|  155  |  153  | 9710  | +8.8596e+01 | 3.03e+03 | 5.02e-03 | 9.99e-16 | 1.00e+00 |  4.00e-03   |   4   |
|  156  |  154  | 9753  | +8.8521e+01 | 3.03e+03 | 4.95e-03 | 9.99e-16 | 1.00e+00 |  4.00e-03   |   4   |
|  157  |  155  | 9787  | +8.8473e+01 | 3.03e+03 | 4.85e-03 | 7.77e-16 | 1.00e+00 |  4.00e-03   |   4   |
|  158  |  156  | 9828  | +8.8416e+01 | 3.03e+03 | 4.74e-03 | 9.99e-16 | 1.00e+00 |  4.00e-03   |   4   |
|  159  |  157  | 9863  | +8.8375e+01 | 3.03e+03 | 4.58e-03 | 9.99e-16 | 1.00e+00 |  4.00e-03   |   4   |
|  160  |  158  | 9903  | +8.8331e+01 | 3.03e+03 | 4.46e-03 | 7.77e-16 | 1.00e+00 |  4.00e-03   |   4   |
|  161  |  159  | 9940  | +8.8275e+01 | 3.03e+03 | 4.40e-03 | 9.99e-16 | 1.00e+00 |  4.00e-03   |   4   |
|  162  |  160  | 9981  | +8.8204e+01 | 3.03e+03 | 4.31e-03 | 7.77e-16 | 1.00e+00 |  4.00e-03   |   4   |
|  163  |  161  | 10019 | +8.8159e+01 | 3.03e+03 | 4.03e-03 | 9.99e-16 | 1.00e+00 |  4.00e-03   |   4   |
|  164  |  162  | 10062 | +8.8133e+01 | 3.03e+03 | 4.12e-03 | 7.77e-16 | 1.00e+00 |  4.00e-03   |   4   |
|  165  |  163  | 10103 | +8.8081e+01 | 3.03e+03 | 4.09e-03 | 9.99e-16 | 1.00e+00 |  4.00e-03   |   4   |
|  166  |  164  | 10150 | +8.8032e+01 | 3.03e+03 | 4.14e-03 | 8.88e-16 | 1.00e+00 |  4.00e-03   |   4   |
|  167  |  165  | 10189 | +8.7992e+01 | 3.03e+03 | 4.04e-03 | 8.88e-16 | 1.00e+00 |  4.00e-03   |   4   |
|  168  |  166  | 10234 | +8.7942e+01 | 3.03e+03 | 4.03e-03 | 9.99e-16 | 1.00e+00 |  4.00e-03   |   4   |
|  169  |  167  | 10269 | +8.7908e+01 | 3.03e+03 | 3.76e-03 | 9.99e-16 | 1.00e+00 |  4.00e-03   |   4   |
|  170  |  168  | 10311 | +8.7867e+01 | 3.03e+03 | 3.78e-03 | 9.99e-16 | 1.00e+00 |  4.00e-03   |   4   |
|  171  |  169  | 10349 | +8.7822e+01 | 3.03e+03 | 3.63e-03 | 9.99e-16 | 1.00e+00 |  4.00e-03   |   4   |
|  172  |  170  | 10391 | +8.7808e+01 | 3.03e+03 | 3.47e-03 | 9.99e-16 | 1.00e+00 |  4.00e-03   |   4   |
|  173  |  171  | 10424 | +8.7768e+01 | 3.03e+03 | 3.25e-03 | 9.99e-16 | 1.00e+00 |  4.00e-03   |   4   |
|  174  |  172  | 10468 | +8.7708e+01 | 3.03e+03 | 3.19e-03 | 9.99e-16 | 1.00e+00 |  4.00e-03   |   4   |
|  175  |  173  | 10508 | +8.7680e+01 | 3.03e+03 | 3.20e-03 | 7.77e-16 | 1.00e+00 |  4.00e-03   |   4   |
|  176  |  174  | 10550 | +8.7663e+01 | 3.03e+03 | 3.11e-03 | 9.99e-16 | 1.00e+00 |  4.00e-03   |   4   |
|  177  |  175  | 10592 | +8.7638e+01 | 3.03e+03 | 3.11e-03 | 8.88e-16 | 1.00e+00 |  4.00e-03   |   4   |
|  178  |  176  | 10636 | +8.7592e+01 | 3.03e+03 | 3.08e-03 | 8.88e-16 | 1.00e+00 |  4.00e-03   |   4   |
|  179  |  177  | 10682 | +8.7557e+01 | 3.03e+03 | 3.11e-03 | 9.99e-16 | 1.00e+00 |  4.00e-03   |   4   |
|  180  |  178  | 10720 | +8.7535e+01 | 3.03e+03 | 2.86e-03 | 8.88e-16 | 1.00e+00 |  4.00e-03   |   4   |
|  181  |  179  | 10769 | +8.7522e+01 | 3.03e+03 | 2.85e-03 | 7.77e-16 | 1.00e+00 |  4.00e-03   |   4   |
|  182  |  180  | 10809 | +8.7485e+01 | 3.03e+03 | 2.66e-03 | 7.77e-16 | 1.00e+00 |  4.00e-03   |   4   |
|  183  |  181  | 10854 | +8.7443e+01 | 3.03e+03 | 2.52e-03 | 7.77e-16 | 1.00e+00 |  4.00e-03   |   4   |
|  184  |  182  | 10898 | +8.7414e+01 | 3.03e+03 | 2.62e-03 | 7.77e-16 | 1.00e+00 |  4.00e-03   |   4   |
|  185  |  183  | 10944 | +8.7384e+01 | 3.03e+03 | 2.48e-03 | 7.77e-16 | 1.00e+00 |  4.00e-03   |   4   |
|  186  |  184  | 10991 | +8.7373e+01 | 3.03e+03 | 2.49e-03 | 8.88e-16 | 1.00e+00 |  4.00e-03   |   4   |
|  187  |  185  | 11030 | +8.7354e+01 | 3.03e+03 | 2.55e-03 | 8.88e-16 | 1.00e+00 |  4.00e-03   |   4   |
|  188  |  186  | 11076 | +8.7334e+01 | 3.03e+03 | 2.40e-03 | 8.88e-16 | 1.00e+00 |  4.00e-03   |   4   |
|  189  |  187  | 11121 | +8.7319e+01 | 3.03e+03 | 2.52e-03 | 7.77e-16 | 1.00e+00 |  4.00e-03   |   4   |
|  190  |  188  | 11166 | +8.7304e+01 | 3.03e+03 | 2.55e-03 | 7.77e-16 | 1.00e+00 |  4.00e-03   |   4   |
|  191  |  189  | 11211 | +8.7283e+01 | 3.03e+03 | 2.46e-03 | 8.88e-16 | 1.00e+00 |  4.00e-03   |   4   |
|  192  |  190  | 11259 | +8.7275e+01 | 3.03e+03 | 2.43e-03 | 7.77e-16 | 1.00e+00 |  4.00e-03   |   4   |
|  193  |  191  | 11299 | +8.7260e+01 | 3.03e+03 | 2.49e-03 | 8.88e-16 | 1.00e+00 |  4.00e-03   |   4   |
|  194  |  192  | 11351 | +8.7245e+01 | 3.03e+03 | 2.29e-03 | 7.77e-16 | 1.00e+00 |  4.00e-03   |   4   |
|  195  |  193  | 11385 | +8.7230e+01 | 3.03e+03 | 2.21e-03 | 8.88e-16 | 1.00e+00 |  4.00e-03   |   4   |
|  196  |  194  | 11431 | +8.7223e+01 | 3.03e+03 | 2.21e-03 | 8.88e-16 | 1.00e+00 |  4.00e-03   |   4   |
|  197  |  195  | 11473 | +8.7198e+01 | 3.03e+03 | 2.22e-03 | 8.88e-16 | 1.00e+00 |  4.00e-03   |   4   |
|  198  |  196  | 11516 | +8.7173e+01 | 3.03e+03 | 2.15e-03 | 7.77e-16 | 1.00e+00 |  4.00e-03   |   4   |
|  199  |  197  | 11564 | +8.7159e+01 | 3.03e+03 | 2.16e-03 | 7.77e-16 | 1.00e+00 |  4.00e-03   |   4   |
|  200  |  198  | 11602 | +8.7147e+01 | 3.03e+03 | 2.08e-03 | 7.77e-16 | 1.00e+00 |  4.00e-03   |   4   |
|  201  |  199  | 11653 | +8.7149e+01 | 3.03e+03 | 2.03e-03 | 8.88e-16 | 1.00e+00 |  4.00e-03   |   4   |
|  202  |  200  | 11685 | +8.7134e+01 | 3.03e+03 | 2.12e-03 | 8.88e-16 | 1.00e+00 |  4.00e-03   |   4   |
|  203  |  201  | 11737 | +8.7131e+01 | 3.03e+03 | 2.06e-03 | 8.88e-16 | 1.00e+00 |  4.00e-03   |   4   |
|  204  |  202  | 11769 | +8.7113e+01 | 3.03e+03 | 2.02e-03 | 7.77e-16 | 1.00e+00 |  4.00e-03   |   4   |
|  205  |  203  | 11819 | +8.7114e+01 | 3.03e+03 | 2.22e-03 | 8.88e-16 | 1.00e+00 |  4.00e-03   |   4   |
|  206  |  204  | 11867 | +8.7107e+01 | 3.03e+03 | 2.14e-03 | 8.88e-16 | 1.00e+00 |  4.00e-03   |   4   |
|  207  |  205  | 11898 | +8.7095e+01 | 3.03e+03 | 2.32e-03 | 8.88e-16 | 1.00e+00 |  4.00e-03   |   4   |
|  208  |  207  | 11956 | +8.7095e+01 | 3.03e+02 | 2.32e-03 | 8.88e-16 | 1.00e+00 |  4.00e-03   |   4   |
|  209  |  208  | 12015 | +8.7094e+01 | 3.03e+02 | 2.06e-03 | 9.99e-16 | 1.00e+00 |  4.00e-03   |   4   |
|  210  |  209  | 12040 | +8.7084e+01 | 3.03e+02 | 2.13e-03 | 8.88e-16 | 1.00e+00 |  4.00e-03   |   4   |
|  211  |  210  | 12063 | +8.7075e+01 | 3.03e+02 | 2.20e-03 | 7.77e-16 | 1.00e+00 |  4.00e-03   |   4   |
|  212  |  211  | 12111 | +8.7067e+01 | 3.03e+02 | 2.17e-03 | 6.66e-16 | 1.00e+00 |  4.00e-03   |   4   |
|  213  |  212  | 12158 | +8.7061e+01 | 3.03e+02 | 2.33e-03 | 8.88e-16 | 1.00e+00 |  4.00e-03   |   4   |
|  214  |  213  | 12184 | +8.7049e+01 | 3.03e+02 | 2.29e-03 | 8.88e-16 | 1.00e+00 |  4.00e-03   |   4   |
|  215  |  214  | 12230 | +8.7038e+01 | 3.03e+02 | 2.29e-03 | 7.77e-16 | 1.00e+00 |  4.00e-03   |   4   |
|  216  |  215  | 12276 | +8.7027e+01 | 3.03e+02 | 1.99e-03 | 7.77e-16 | 1.00e+00 |  4.00e-03   |   4   |
|  217  |  216  | 12304 | +8.7018e+01 | 3.03e+02 | 1.99e-03 | 7.77e-16 | 1.00e+00 |  4.00e-03   |   4   |
|  218  |  217  | 12354 | +8.7015e+01 | 3.03e+02 | 2.18e-03 | 6.66e-16 | 1.00e+00 |  4.00e-03   |   4   |
|  219  |  218  | 12381 | +8.7005e+01 | 3.03e+02 | 1.95e-03 | 8.88e-16 | 1.00e+00 |  4.00e-03   |   4   |
|  220  |  220  | 12429 | +8.7005e+01 | 3.03e+01 | 1.95e-03 | 8.88e-16 | 1.00e+00 |  4.00e-03   |   4   |
|  221  |  222  | 12480 | +8.7005e+01 | 3.03e+00 | 1.95e-03 | 8.88e-16 | 1.00e+00 |  4.00e-03   |   4   |
|  222  |  224  | 12533 | +8.7005e+01 | 4.88e-01 | 1.95e-03 | 8.88e-16 | 1.00e+00 |  4.00e-03   |   4   |
|  223  |  226  | 12552 | +8.7005e+01 | 2.44e-01 | 1.95e-03 | 8.88e-16 | 1.00e+00 |  4.00e-03   |   2   |
|  224  |  228  | 12560 | +8.7005e+01 | 1.22e-01 | 1.95e-03 | 8.88e-16 | 1.00e+00 |  4.00e-03   |   2   |
|  225  |  229  | 12565 | +8.7005e+01 | 1.22e-01 | 1.99e-03 | 7.77e-16 | 1.00e+00 |  4.00e-03   |   2   |
|  226  |  230  | 12571 | +8.7005e+01 | 2.44e-01 | 1.83e-03 | 8.88e-16 | 1.00e+00 |  4.00e-03   |   2   |
|  227  |  231  | 12575 | +8.7005e+01 | 4.88e-01 | 1.86e-03 | 7.77e-16 | 1.00e+00 |  4.00e-03   |   2   |
|  228  |  232  | 12589 | +8.7003e+01 | 9.76e-01 | 1.66e-03 | 7.77e-16 | 1.00e+00 |  4.00e-03   |   2   |
|  229  |  232  | 12589 | +8.7003e+01 | 4.88e+00 | 1.56e-03 | 7.77e-16 | 1.00e+00 |  8.00e-04   |   0   |
|  230  |  233  | 12597 | +8.5956e+01 | 3.42e+01 | 1.44e-03 | 7.77e-16 | 1.00e+00 |  8.00e-04   |   2   |
|  231  |  234  | 12684 | +8.3481e+01 | 1.15e+02 | 2.05e-03 | 7.77e-16 | 1.00e+00 |  8.00e-04   |   4   |
|  232  |  235  | 12821 | +8.2746e+01 | 1.15e+02 | 2.57e-03 | 5.55e-16 | 1.00e+00 |  8.00e-04   |   4   |
|  233  |  236  | 12903 | +8.2646e+01 | 1.15e+02 | 2.64e-03 | 5.55e-16 | 1.00e+00 |  8.00e-04   |   4   |
|  234  |  237  | 13002 | +8.2521e+01 | 1.15e+02 | 2.82e-03 | 5.55e-16 | 1.00e+00 |  8.00e-04   |   4   |
|  235  |  238  | 13092 | +8.2489e+01 | 1.15e+02 | 2.85e-03 | 5.55e-16 | 1.00e+00 |  8.00e-04   |   4   |
|  236  |  239  | 13166 | +8.2442e+01 | 1.15e+02 | 2.85e-03 | 5.55e-16 | 1.00e+00 |  8.00e-04   |   4   |
|  237  |  240  | 13252 | +8.2335e+01 | 1.15e+02 | 2.93e-03 | 4.44e-16 | 1.00e+00 |  8.00e-04   |   4   |
|  238  |  241  | 13328 | +8.2231e+01 | 1.15e+02 | 3.01e-03 | 3.33e-16 | 1.00e+00 |  8.00e-04   |   4   |
|  239  |  242  | 13411 | +8.2087e+01 | 1.15e+02 | 2.89e-03 | 3.33e-16 | 1.00e+00 |  8.00e-04   |   4   |
|  240  |  243  | 13492 | +8.1996e+01 | 1.15e+02 | 2.47e-03 | 3.33e-16 | 1.00e+00 |  8.00e-04   |   4   |
|  241  |  244  | 13563 | +8.1938e+01 | 1.15e+02 | 2.28e-03 | 4.44e-16 | 1.00e+00 |  8.00e-04   |   4   |
|  242  |  245  | 13635 | +8.1860e+01 | 1.15e+02 | 2.22e-03 | 3.33e-16 | 1.00e+00 |  8.00e-04   |   4   |
|  243  |  246  | 13709 | +8.1780e+01 | 1.15e+02 | 1.92e-03 | 3.33e-16 | 1.00e+00 |  8.00e-04   |   4   |
|  244  |  247  | 13784 | +8.1700e+01 | 1.15e+02 | 2.05e-03 | 3.33e-16 | 1.00e+00 |  8.00e-04   |   4   |
|  245  |  248  | 13857 | +8.1630e+01 | 1.15e+02 | 2.01e-03 | 3.33e-16 | 1.00e+00 |  8.00e-04   |   4   |
|  246  |  249  | 13922 | +8.1576e+01 | 1.15e+02 | 1.68e-03 | 3.33e-16 | 1.00e+00 |  8.00e-04   |   4   |
|  247  |  250  | 13989 | +8.1524e+01 | 1.15e+02 | 1.64e-03 | 2.22e-16 | 1.00e+00 |  8.00e-04   |   4   |
|  248  |  251  | 14056 | +8.1476e+01 | 1.15e+02 | 1.59e-03 | 3.33e-16 | 1.00e+00 |  8.00e-04   |   4   |
|  249  |  252  | 14130 | +8.1422e+01 | 1.15e+02 | 1.66e-03 | 2.22e-16 | 1.00e+00 |  8.00e-04   |   4   |
|  250  |  253  | 14201 | +8.1371e+01 | 1.15e+02 | 1.56e-03 | 3.33e-16 | 1.00e+00 |  8.00e-04   |   4   |
|  251  |  254  | 14272 | +8.1314e+01 | 1.15e+02 | 1.70e-03 | 3.33e-16 | 1.00e+00 |  8.00e-04   |   4   |
|  252  |  255  | 14342 | +8.1274e+01 | 1.15e+02 | 1.82e-03 | 2.22e-16 | 1.00e+00 |  8.00e-04   |   4   |
|  253  |  256  | 14406 | +8.1238e+01 | 1.15e+02 | 1.76e-03 | 2.22e-16 | 1.00e+00 |  8.00e-04   |   4   |
|  254  |  257  | 14476 | +8.1198e+01 | 1.15e+02 | 1.68e-03 | 2.22e-16 | 1.00e+00 |  8.00e-04   |   4   |
|  255  |  258  | 14547 | +8.1171e+01 | 1.15e+02 | 1.53e-03 | 3.33e-16 | 1.00e+00 |  8.00e-04   |   4   |
|  256  |  259  | 14601 | +8.1149e+01 | 1.15e+02 | 1.60e-03 | 2.22e-16 | 1.00e+00 |  8.00e-04   |   4   |
|  257  |  260  | 14682 | +8.1114e+01 | 1.15e+02 | 1.58e-03 | 2.22e-16 | 1.00e+00 |  8.00e-04   |   4   |
|  258  |  261  | 14707 | +8.1100e+01 | 1.15e+02 | 1.51e-03 | 2.22e-16 | 1.00e+00 |  8.00e-04   |   4   |
|  259  |  262  | 14810 | +8.1083e+01 | 1.15e+02 | 1.60e-03 | 3.33e-16 | 1.00e+00 |  8.00e-04   |   4   |
|  260  |  263  | 14868 | +8.1048e+01 | 1.15e+02 | 1.67e-03 | 3.33e-16 | 1.00e+00 |  8.00e-04   |   4   |
|  261  |  264  | 14925 | +8.1021e+01 | 1.15e+02 | 1.52e-03 | 3.33e-16 | 1.00e+00 |  8.00e-04   |   4   |
|  262  |  265  | 14983 | +8.0998e+01 | 1.15e+02 | 1.56e-03 | 2.22e-16 | 1.00e+00 |  8.00e-04   |   4   |
|  263  |  266  | 15042 | +8.0979e+01 | 1.15e+02 | 1.51e-03 | 2.22e-16 | 1.00e+00 |  8.00e-04   |   4   |
|  264  |  267  | 15108 | +8.0959e+01 | 1.15e+02 | 1.51e-03 | 2.22e-16 | 1.00e+00 |  8.00e-04   |   4   |
|  265  |  268  | 15135 | +8.0951e+01 | 1.15e+02 | 1.61e-03 | 2.22e-16 | 1.00e+00 |  8.00e-04   |   4   |
|  266  |  269  | 15223 | +8.0948e+01 | 1.15e+02 | 1.37e-03 | 2.22e-16 | 1.00e+00 |  8.00e-04   |   4   |
|  267  |  270  | 15253 | +8.0936e+01 | 1.15e+02 | 1.30e-03 | 2.22e-16 | 1.00e+00 |  8.00e-04   |   4   |
|  268  |  271  | 15285 | +8.0922e+01 | 1.15e+02 | 1.36e-03 | 3.33e-16 | 1.00e+00 |  8.00e-04   |   4   |
|  269  |  272  | 15330 | +8.0908e+01 | 1.15e+02 | 1.27e-03 | 2.22e-16 | 1.00e+00 |  8.00e-04   |   4   |
|  270  |  273  | 15386 | +8.0898e+01 | 1.15e+02 | 1.36e-03 | 2.22e-16 | 1.00e+00 |  8.00e-04   |   4   |
|  271  |  274  | 15434 | +8.0888e+01 | 1.15e+02 | 1.25e-03 | 2.22e-16 | 1.00e+00 |  8.00e-04   |   4   |
|  272  |  275  | 15475 | +8.0882e+01 | 1.15e+02 | 1.33e-03 | 3.33e-16 | 1.00e+00 |  8.00e-04   |   4   |
|  273  |  276  | 15525 | +8.0871e+01 | 1.15e+02 | 1.10e-03 | 3.33e-16 | 1.00e+00 |  8.00e-04   |   4   |
|  274  |  277  | 15599 | +8.0866e+01 | 1.15e+02 | 1.20e-03 | 3.33e-16 | 1.00e+00 |  8.00e-04   |   4   |
|  275  |  278  | 15645 | +8.0862e+01 | 1.15e+02 | 1.08e-03 | 2.22e-16 | 1.00e+00 |  8.00e-04   |   4   |
|  276  |  280  | 15701 | +8.0862e+01 | 1.15e+01 | 1.08e-03 | 2.22e-16 | 1.00e+00 |  8.00e-04   |   4   |
|  277  |  282  | 15775 | +8.0862e+01 | 1.15e+00 | 1.08e-03 | 2.22e-16 | 1.00e+00 |  8.00e-04   |   4   |
|  278  |  284  | 15865 | +8.0862e+01 | 3.56e-01 | 1.08e-03 | 2.22e-16 | 1.00e+00 |  8.00e-04   |   2   |
|  279  |  285  | 15893 | +8.0860e+01 | 2.49e+00 | 1.03e-03 | 3.33e-16 | 1.00e+00 |  8.00e-04   |   2   |
|  280  |  287  | 15984 | +8.0860e+01 | 3.37e-01 | 1.03e-03 | 3.33e-16 | 1.00e+00 |  8.00e-04   |   4   |
|  281  |  288  | 16018 | +8.0857e+01 | 2.36e+00 | 1.02e-03 | 3.33e-16 | 1.00e+00 |  8.00e-04   |   2   |
|  282  |  290  | 16092 | +8.0857e+01 | 2.65e-01 | 1.02e-03 | 3.33e-16 | 1.00e+00 |  8.00e-04   |   4   |
|  283  |  291  | 16114 | +8.0851e+01 | 1.85e+00 | 1.14e-03 | 2.22e-16 | 1.00e+00 |  8.00e-04   |   2   |
|  284  |  292  | 16182 | +8.0851e+01 | 1.85e+00 | 1.05e-03 | 2.22e-16 | 1.00e+00 |  8.00e-04   |   4   |
|  285  |  294  | 16252 | +8.0851e+01 | 3.25e-01 | 1.05e-03 | 2.22e-16 | 1.00e+00 |  8.00e-04   |   4   |
|  286  |  295  | 16286 | +8.0845e+01 | 2.27e+00 | 1.07e-03 | 3.33e-16 | 1.00e+00 |  8.00e-04   |   2   |
|  287  |  296  | 16356 | +8.0844e+01 | 3.32e+00 | 1.00e-03 | 2.22e-16 | 1.00e+00 |  8.00e-04   |   4   |
|  288  |  297  | 16418 | +8.0842e+01 | 3.32e+00 | 9.13e-04 | 2.22e-16 | 1.00e+00 |  8.00e-04   |   4   |
`gtol` termination condition is satisfied.
Number of iterations: 288, function evaluations: 297, CG iterations: 16418, optimality: 9.13e-04, constraint violation: 2.22e-16, execution time: 4.8e+03 s.
