C:\Users\Joel-Desktop\PycharmProjects\ANN_derivatives_TO\ANN_derivatives_TO\venv\Scripts\python.exe "C:/Program Files/JetBrains/PyCharm 2022.2.3/plugins/python/helpers/pydev/pydevconsole.py" --mode=client --host=127.0.0.1 --port=54395 
import sys; print('Python %s on %s' % (sys.version, sys.platform))
sys.path.extend(['C:\\Users\\Joel-Desktop\\PycharmProjects\\ANN_derivatives_TO\\ANN_derivatives_TO'])
Python 3.9.13 (tags/v3.9.13:6de2ca5, May 17 2022, 16:36:42) [MSC v.1929 64 bit (AMD64)]
Type 'copyright', 'credits' or 'license' for more information
IPython 8.14.0 -- An enhanced Interactive Python. Type '?' for help.
PyDev console: using IPython 8.14.0
Python 3.9.13 (tags/v3.9.13:6de2ca5, May 17 2022, 16:36:42) [MSC v.1929 64 bit (AMD64)] on win32
runfile('C:\\Users\\Joel-Desktop\\PycharmProjects\\ANN_derivatives_TO\\ANN_derivatives_TO\\Run_SIMPTO_ANN.py', wdir='C:\\Users\\Joel-Desktop\\PycharmProjects\\ANN_derivatives_TO\\ANN_derivatives_TO')
| niter |f evals|CG iter|  obj func   |tr radius |   opt    |  c viol  | penalty  |barrier param|CG stop|
|-------|-------|-------|-------------|----------|----------|----------|----------|-------------|-------|
|   1   |   1   |   0   | +3.5760e+02 | 1.00e+00 | 4.43e+00 | 0.00e+00 | 1.00e+00 |  1.00e-01   |   0   |
C:\Users\Joel-Desktop\PycharmProjects\ANN_derivatives_TO\ANN_derivatives_TO\venv\lib\site-packages\scipy\optimize\_hessian_update_strategy.py:182: UserWarning: delta_grad == 0.0. Check if the approximated function is linear. If the function is linear better results can be obtained by defining the Hessian as zero instead of using quasi-Newton approximations.
  warn('delta_grad == 0.0. Check if the approximated '
|   2   |   2   |   1   | +3.2413e+02 | 7.00e+00 | 1.56e+00 | 1.11e-16 | 1.00e+00 |  1.00e-01   |   2   |
|   3   |   3   |   3   | +2.8790e+02 | 1.39e+01 | 4.82e-01 | 0.00e+00 | 1.00e+00 |  1.00e-01   |   4   |
|   4   |   4   |   6   | +2.4156e+02 | 2.91e+01 | 1.80e-01 | 1.11e-16 | 1.00e+00 |  1.00e-01   |   4   |
|   5   |   5   |  21   | +2.1853e+02 | 2.91e+01 | 1.18e-01 | 1.11e-16 | 1.00e+00 |  1.00e-01   |   4   |
|   6   |   6   |  46   | +2.1853e+02 | 2.91e+00 | 1.18e-01 | 1.11e-16 | 1.00e+00 |  1.00e-01   |   2   |
|   7   |   7   |  49   | +2.0394e+02 | 2.03e+01 | 9.47e-02 | 2.22e-16 | 1.00e+00 |  1.00e-01   |   2   |
|   8   |   8   |  77   | +1.8787e+02 | 1.42e+02 | 7.52e-02 | 5.55e-17 | 1.00e+00 |  1.00e-01   |   2   |
|   9   |   9   |  105  | +1.8247e+02 | 1.42e+02 | 7.25e-02 | 0.00e+00 | 1.00e+00 |  1.00e-01   |   4   |
|  10   |  10   |  158  | +1.8247e+02 | 1.42e+01 | 7.25e-02 | 0.00e+00 | 1.00e+00 |  1.00e-01   |   2   |
|  11   |  11   |  183  | +1.8247e+02 | 1.42e+00 | 7.25e-02 | 0.00e+00 | 1.00e+00 |  1.00e-01   |   2   |
|  12   |  12   |  188  | +1.7906e+02 | 9.97e+00 | 6.37e-02 | 1.11e-16 | 1.00e+00 |  1.00e-01   |   2   |
|  13   |  13   |  215  | +1.7435e+02 | 6.98e+01 | 4.10e-02 | 1.11e-16 | 1.00e+00 |  1.00e-01   |   2   |
|  14   |  14   |  264  | +1.7046e+02 | 1.36e+02 | 3.95e-02 | 3.33e-16 | 1.00e+00 |  1.00e-01   |   4   |
|  15   |  15   |  285  | +1.6924e+02 | 1.36e+02 | 4.56e-02 | 3.33e-16 | 1.00e+00 |  1.00e-01   |   4   |
|  16   |  16   |  299  | +1.6729e+02 | 1.36e+02 | 3.62e-02 | 2.22e-16 | 1.00e+00 |  1.00e-01   |   4   |
|  17   |  17   |  315  | +1.6556e+02 | 1.36e+02 | 2.97e-02 | 2.22e-16 | 1.00e+00 |  1.00e-01   |   4   |
|  18   |  18   |  331  | +1.6482e+02 | 1.36e+02 | 3.65e-02 | 1.11e-16 | 1.00e+00 |  1.00e-01   |   4   |
|  19   |  19   |  354  | +1.6442e+02 | 1.36e+02 | 2.88e-02 | 1.11e-16 | 1.00e+00 |  1.00e-01   |   4   |
|  20   |  20   |  370  | +1.6320e+02 | 1.36e+02 | 1.88e-02 | 2.22e-16 | 1.00e+00 |  1.00e-01   |   4   |
|  21   |  20   |  370  | +1.6320e+02 | 6.80e+02 | 2.41e-02 | 2.22e-16 | 1.00e+00 |  2.00e-02   |   0   |
|  22   |  21   |  392  | +1.5328e+02 | 6.80e+02 | 2.50e-02 | 2.22e-16 | 1.00e+00 |  2.00e-02   |   4   |
|  23   |  22   |  473  | +1.4835e+02 | 6.80e+02 | 2.71e-02 | 2.22e-16 | 1.00e+00 |  2.00e-02   |   4   |
|  24   |  23   |  774  | +1.4686e+02 | 6.80e+02 | 2.82e-02 | 5.55e-16 | 1.00e+00 |  2.00e-02   |   4   |
|  25   |  24   |  807  | +1.4473e+02 | 6.80e+02 | 2.82e-02 | 4.44e-16 | 1.00e+00 |  2.00e-02   |   4   |
|  26   |  25   |  843  | +1.4380e+02 | 6.80e+02 | 2.73e-02 | 6.66e-16 | 1.00e+00 |  2.00e-02   |   4   |
|  27   |  26   |  988  | +1.4270e+02 | 6.80e+02 | 2.58e-02 | 4.44e-16 | 1.00e+00 |  2.00e-02   |   4   |
|  28   |  27   | 1201  | +1.4230e+02 | 6.80e+02 | 2.41e-02 | 3.33e-16 | 1.00e+00 |  2.00e-02   |   4   |
|  29   |  28   | 1388  | +1.4160e+02 | 6.80e+02 | 2.27e-02 | 2.11e-15 | 1.00e+00 |  2.00e-02   |   4   |
|  30   |  29   | 1420  | +1.4008e+02 | 6.80e+02 | 2.05e-02 | 2.11e-15 | 1.00e+00 |  2.00e-02   |   4   |
|  31   |  30   | 1450  | +1.3920e+02 | 6.80e+02 | 2.15e-02 | 2.11e-15 | 1.00e+00 |  2.00e-02   |   4   |
|  32   |  31   | 1494  | +1.3844e+02 | 6.80e+02 | 4.21e-02 | 2.11e-15 | 1.00e+00 |  2.00e-02   |   4   |
|  33   |  32   | 1555  | +1.3749e+02 | 6.80e+02 | 5.60e-02 | 2.11e-15 | 1.00e+00 |  2.00e-02   |   4   |
|  34   |  33   | 1586  | +1.3654e+02 | 6.80e+02 | 4.69e-02 | 2.00e-15 | 1.00e+00 |  2.00e-02   |   4   |
|  35   |  34   | 1618  | +1.3546e+02 | 6.80e+02 | 2.41e-02 | 2.22e-15 | 1.00e+00 |  2.00e-02   |   4   |
|  36   |  35   | 1655  | +1.3451e+02 | 6.80e+02 | 1.41e-02 | 2.00e-15 | 1.00e+00 |  2.00e-02   |   4   |
|  37   |  36   | 1694  | +1.3377e+02 | 6.80e+02 | 1.31e-02 | 2.00e-15 | 1.00e+00 |  2.00e-02   |   4   |
|  38   |  37   | 1734  | +1.3340e+02 | 6.80e+02 | 1.21e-02 | 2.11e-15 | 1.00e+00 |  2.00e-02   |   4   |
|  39   |  38   | 1770  | +1.3266e+02 | 6.80e+02 | 1.34e-02 | 2.22e-15 | 1.00e+00 |  2.00e-02   |   4   |
|  40   |  39   | 1855  | +1.3141e+02 | 6.80e+02 | 1.45e-02 | 2.11e-15 | 1.00e+00 |  2.00e-02   |   4   |
|  41   |  40   | 2040  | +1.3105e+02 | 6.80e+02 | 1.44e-02 | 1.22e-15 | 1.00e+00 |  2.00e-02   |   4   |
|  42   |  41   | 2073  | +1.3020e+02 | 6.80e+02 | 1.45e-02 | 1.22e-15 | 1.00e+00 |  2.00e-02   |   4   |
|  43   |  42   | 2111  | +1.2937e+02 | 6.80e+02 | 1.40e-02 | 1.22e-15 | 1.00e+00 |  2.00e-02   |   4   |
|  44   |  43   | 2141  | +1.2892e+02 | 6.80e+02 | 1.45e-02 | 1.22e-15 | 1.00e+00 |  2.00e-02   |   4   |
|  45   |  44   | 2172  | +1.2848e+02 | 6.80e+02 | 1.50e-02 | 1.11e-15 | 1.00e+00 |  2.00e-02   |   4   |
|  46   |  45   | 2208  | +1.2766e+02 | 6.80e+02 | 1.48e-02 | 1.11e-15 | 1.00e+00 |  2.00e-02   |   4   |
|  47   |  46   | 2240  | +1.2695e+02 | 6.80e+02 | 1.38e-02 | 1.11e-15 | 1.00e+00 |  2.00e-02   |   4   |
|  48   |  47   | 2299  | +1.2662e+02 | 6.80e+02 | 1.26e-02 | 1.22e-15 | 1.00e+00 |  2.00e-02   |   4   |
|  49   |  48   | 2332  | +1.2594e+02 | 6.80e+02 | 1.21e-02 | 1.11e-15 | 1.00e+00 |  2.00e-02   |   4   |
|  50   |  49   | 2415  | +1.2575e+02 | 6.80e+02 | 1.14e-02 | 1.22e-15 | 1.00e+00 |  2.00e-02   |   4   |
|  51   |  50   | 2446  | +1.2483e+02 | 6.80e+02 | 1.02e-02 | 1.11e-15 | 1.00e+00 |  2.00e-02   |   4   |
|  52   |  51   | 2473  | +1.2461e+02 | 6.80e+02 | 9.26e-03 | 1.22e-15 | 1.00e+00 |  2.00e-02   |   4   |
|  53   |  52   | 2509  | +1.2449e+02 | 6.80e+02 | 8.16e-03 | 1.22e-15 | 1.00e+00 |  2.00e-02   |   4   |
|  54   |  53   | 2542  | +1.2374e+02 | 6.80e+02 | 8.09e-03 | 1.11e-15 | 1.00e+00 |  2.00e-02   |   4   |
|  55   |  54   | 2575  | +1.2303e+02 | 6.80e+02 | 7.70e-03 | 1.22e-15 | 1.00e+00 |  2.00e-02   |   4   |
|  56   |  55   | 2605  | +1.2284e+02 | 6.80e+02 | 7.41e-03 | 1.11e-15 | 1.00e+00 |  2.00e-02   |   4   |
|  57   |  55   | 2605  | +1.2284e+02 | 3.40e+03 | 8.44e-03 | 1.11e-15 | 1.00e+00 |  4.00e-03   |   0   |
|  58   |  56   | 2650  | +1.1776e+02 | 3.40e+03 | 8.80e-03 | 1.11e-15 | 1.00e+00 |  4.00e-03   |   4   |
|  59   |  57   | 2715  | +1.1461e+02 | 3.40e+03 | 9.20e-03 | 9.99e-16 | 1.00e+00 |  4.00e-03   |   4   |
|  60   |  58   | 2786  | +1.1336e+02 | 3.40e+03 | 9.62e-03 | 9.99e-16 | 1.00e+00 |  4.00e-03   |   4   |
|  61   |  59   | 2853  | +1.1250e+02 | 3.40e+03 | 9.74e-03 | 9.99e-16 | 1.00e+00 |  4.00e-03   |   4   |
|  62   |  60   | 2978  | +1.1197e+02 | 3.40e+03 | 9.71e-03 | 9.99e-16 | 1.00e+00 |  4.00e-03   |   4   |
|  63   |  61   | 3069  | +1.1134e+02 | 3.40e+03 | 9.73e-03 | 9.99e-16 | 1.00e+00 |  4.00e-03   |   4   |
|  64   |  62   | 3194  | +1.1080e+02 | 3.40e+03 | 1.00e-02 | 8.88e-16 | 1.00e+00 |  4.00e-03   |   4   |
|  65   |  63   | 3269  | +1.1026e+02 | 3.40e+03 | 1.03e-02 | 9.99e-16 | 1.00e+00 |  4.00e-03   |   4   |
|  66   |  64   | 3522  | +1.0980e+02 | 3.40e+03 | 1.03e-02 | 7.77e-16 | 1.00e+00 |  4.00e-03   |   4   |
|  67   |  65   | 3584  | +1.0919e+02 | 3.40e+03 | 1.06e-02 | 7.77e-16 | 1.00e+00 |  4.00e-03   |   4   |
|  68   |  66   | 3659  | +1.0848e+02 | 3.40e+03 | 1.12e-02 | 6.66e-16 | 1.00e+00 |  4.00e-03   |   4   |
|  69   |  67   | 3735  | +1.0821e+02 | 3.40e+03 | 1.12e-02 | 9.99e-16 | 1.00e+00 |  4.00e-03   |   4   |
|  70   |  68   | 3792  | +1.0767e+02 | 3.40e+03 | 1.11e-02 | 7.77e-16 | 1.00e+00 |  4.00e-03   |   4   |
|  71   |  69   | 3853  | +1.0710e+02 | 3.40e+03 | 1.10e-02 | 7.77e-16 | 1.00e+00 |  4.00e-03   |   4   |
|  72   |  70   | 4245  | +1.0700e+02 | 3.40e+03 | 1.07e-02 | 1.33e-15 | 1.00e+00 |  4.00e-03   |   4   |
|  73   |  71   | 4298  | +1.0662e+02 | 3.40e+03 | 1.03e-02 | 1.44e-15 | 1.00e+00 |  4.00e-03   |   4   |
|  74   |  72   | 4418  | +1.0614e+02 | 3.40e+03 | 1.01e-02 | 1.44e-15 | 1.00e+00 |  4.00e-03   |   4   |
|  75   |  73   | 4473  | +1.0585e+02 | 3.40e+03 | 1.00e-02 | 1.44e-15 | 1.00e+00 |  4.00e-03   |   4   |
|  76   |  74   | 4608  | +1.0545e+02 | 3.40e+03 | 9.78e-03 | 1.44e-15 | 1.00e+00 |  4.00e-03   |   4   |
|  77   |  75   | 4666  | +1.0508e+02 | 3.40e+03 | 9.65e-03 | 1.44e-15 | 1.00e+00 |  4.00e-03   |   4   |
|  78   |  76   | 4738  | +1.0488e+02 | 3.40e+03 | 9.39e-03 | 1.55e-15 | 1.00e+00 |  4.00e-03   |   4   |
|  79   |  77   | 4799  | +1.0471e+02 | 3.40e+03 | 9.07e-03 | 1.33e-15 | 1.00e+00 |  4.00e-03   |   4   |
|  80   |  78   | 4869  | +1.0443e+02 | 3.40e+03 | 8.68e-03 | 1.33e-15 | 1.00e+00 |  4.00e-03   |   4   |
|  81   |  79   | 4938  | +1.0408e+02 | 3.40e+03 | 8.22e-03 | 1.55e-15 | 1.00e+00 |  4.00e-03   |   4   |
|  82   |  80   | 5003  | +1.0375e+02 | 3.40e+03 | 7.72e-03 | 1.44e-15 | 1.00e+00 |  4.00e-03   |   4   |
|  83   |  81   | 5069  | +1.0354e+02 | 3.40e+03 | 7.32e-03 | 1.44e-15 | 1.00e+00 |  4.00e-03   |   4   |
|  84   |  82   | 5132  | +1.0325e+02 | 3.40e+03 | 7.30e-03 | 1.44e-15 | 1.00e+00 |  4.00e-03   |   4   |
|  85   |  83   | 5187  | +1.0302e+02 | 3.40e+03 | 7.56e-03 | 1.44e-15 | 1.00e+00 |  4.00e-03   |   4   |
|  86   |  84   | 5254  | +1.0262e+02 | 3.40e+03 | 7.84e-03 | 1.22e-15 | 1.00e+00 |  4.00e-03   |   4   |
|  87   |  85   | 5340  | +1.0232e+02 | 3.40e+03 | 8.18e-03 | 1.44e-15 | 1.00e+00 |  4.00e-03   |   4   |
|  88   |  86   | 5400  | +1.0204e+02 | 3.40e+03 | 8.47e-03 | 1.44e-15 | 1.00e+00 |  4.00e-03   |   4   |
|  89   |  87   | 5452  | +1.0176e+02 | 3.40e+03 | 8.69e-03 | 1.44e-15 | 1.00e+00 |  4.00e-03   |   4   |
|  90   |  88   | 5524  | +1.0141e+02 | 3.40e+03 | 8.84e-03 | 1.44e-15 | 1.00e+00 |  4.00e-03   |   4   |
|  91   |  89   | 5616  | +1.0103e+02 | 3.40e+03 | 8.87e-03 | 1.44e-15 | 1.00e+00 |  4.00e-03   |   4   |
|  92   |  90   | 5672  | +1.0084e+02 | 3.40e+03 | 8.89e-03 | 1.44e-15 | 1.00e+00 |  4.00e-03   |   4   |
|  93   |  91   | 5840  | +1.0076e+02 | 3.40e+03 | 8.72e-03 | 1.44e-15 | 1.00e+00 |  4.00e-03   |   4   |
|  94   |  92   | 5892  | +1.0032e+02 | 3.40e+03 | 8.86e-03 | 1.44e-15 | 1.00e+00 |  4.00e-03   |   4   |
|  95   |  93   | 5965  | +9.9904e+01 | 3.40e+03 | 9.16e-03 | 1.44e-15 | 1.00e+00 |  4.00e-03   |   4   |
|  96   |  94   | 6020  | +9.9628e+01 | 3.40e+03 | 9.37e-03 | 1.44e-15 | 1.00e+00 |  4.00e-03   |   4   |
|  97   |  95   | 6115  | +9.9415e+01 | 3.40e+03 | 9.44e-03 | 1.33e-15 | 1.00e+00 |  4.00e-03   |   4   |
|  98   |  96   | 6182  | +9.9044e+01 | 3.40e+03 | 9.53e-03 | 1.44e-15 | 1.00e+00 |  4.00e-03   |   4   |
|  99   |  97   | 6251  | +9.8699e+01 | 3.40e+03 | 9.52e-03 | 1.44e-15 | 1.00e+00 |  4.00e-03   |   4   |
|  100  |  98   | 6419  | +9.8442e+01 | 3.40e+03 | 9.31e-03 | 1.33e-15 | 1.00e+00 |  4.00e-03   |   4   |
|  101  |  99   | 6487  | +9.8238e+01 | 3.40e+03 | 9.09e-03 | 1.33e-15 | 1.00e+00 |  4.00e-03   |   4   |
|  102  |  100  | 6605  | +9.7944e+01 | 3.40e+03 | 8.94e-03 | 1.44e-15 | 1.00e+00 |  4.00e-03   |   4   |
|  103  |  101  | 6699  | +9.7564e+01 | 3.40e+03 | 8.90e-03 | 1.44e-15 | 1.00e+00 |  4.00e-03   |   4   |
|  104  |  102  | 6760  | +9.7273e+01 | 3.40e+03 | 8.94e-03 | 1.33e-15 | 1.00e+00 |  4.00e-03   |   4   |
|  105  |  103  | 6832  | +9.6864e+01 | 3.40e+03 | 9.20e-03 | 1.44e-15 | 1.00e+00 |  4.00e-03   |   4   |
|  106  |  104  | 6910  | +9.6536e+01 | 3.40e+03 | 9.77e-03 | 1.44e-15 | 1.00e+00 |  4.00e-03   |   4   |
|  107  |  105  | 6991  | +9.6135e+01 | 3.40e+03 | 1.08e-02 | 1.44e-15 | 1.00e+00 |  4.00e-03   |   4   |
|  108  |  106  | 7052  | +9.5721e+01 | 3.40e+03 | 1.14e-02 | 1.33e-15 | 1.00e+00 |  4.00e-03   |   4   |
|  109  |  107  | 7144  | +9.5414e+01 | 3.40e+03 | 1.14e-02 | 1.33e-15 | 1.00e+00 |  4.00e-03   |   4   |
|  110  |  108  | 7199  | +9.5033e+01 | 3.40e+03 | 1.13e-02 | 1.22e-15 | 1.00e+00 |  4.00e-03   |   4   |
|  111  |  109  | 7238  | +9.4818e+01 | 3.40e+03 | 1.12e-02 | 1.44e-15 | 1.00e+00 |  4.00e-03   |   4   |
|  112  |  110  | 7295  | +9.4201e+01 | 3.40e+03 | 1.06e-02 | 1.22e-15 | 1.00e+00 |  4.00e-03   |   4   |
|  113  |  111  | 7385  | +9.3820e+01 | 3.40e+03 | 9.78e-03 | 1.22e-15 | 1.00e+00 |  4.00e-03   |   4   |
|  114  |  112  | 7826  | +9.3843e+01 | 3.40e+03 | 8.92e-03 | 1.11e-15 | 1.00e+00 |  4.00e-03   |   4   |
|  115  |  113  | 8044  | +9.3703e+01 | 3.40e+03 | 8.60e-03 | 1.22e-15 | 1.00e+00 |  4.00e-03   |   4   |
|  116  |  114  | 8095  | +9.3405e+01 | 3.40e+03 | 8.11e-03 | 1.22e-15 | 1.00e+00 |  4.00e-03   |   4   |
|  117  |  115  | 8161  | +9.3078e+01 | 3.40e+03 | 7.82e-03 | 1.11e-15 | 1.00e+00 |  4.00e-03   |   4   |
|  118  |  116  | 8225  | +9.2766e+01 | 3.40e+03 | 7.61e-03 | 1.11e-15 | 1.00e+00 |  4.00e-03   |   4   |
|  119  |  117  | 8292  | +9.2537e+01 | 3.40e+03 | 7.38e-03 | 1.11e-15 | 1.00e+00 |  4.00e-03   |   4   |
|  120  |  118  | 8367  | +9.2293e+01 | 3.40e+03 | 6.84e-03 | 1.22e-15 | 1.00e+00 |  4.00e-03   |   4   |
|  121  |  119  | 8430  | +9.2124e+01 | 3.40e+03 | 6.53e-03 | 1.11e-15 | 1.00e+00 |  4.00e-03   |   4   |
|  122  |  120  | 8513  | +9.2023e+01 | 3.40e+03 | 6.32e-03 | 1.11e-15 | 1.00e+00 |  4.00e-03   |   4   |
|  123  |  121  | 8572  | +9.1737e+01 | 3.40e+03 | 6.13e-03 | 1.22e-15 | 1.00e+00 |  4.00e-03   |   4   |
|  124  |  122  | 8636  | +9.1468e+01 | 3.40e+03 | 6.12e-03 | 1.22e-15 | 1.00e+00 |  4.00e-03   |   4   |
|  125  |  123  | 8694  | +9.1241e+01 | 3.40e+03 | 6.15e-03 | 1.22e-15 | 1.00e+00 |  4.00e-03   |   4   |
|  126  |  124  | 8760  | +9.1015e+01 | 3.40e+03 | 6.16e-03 | 1.11e-15 | 1.00e+00 |  4.00e-03   |   4   |
|  127  |  125  | 8829  | +9.0961e+01 | 3.40e+03 | 6.16e-03 | 9.99e-16 | 1.00e+00 |  4.00e-03   |   4   |
|  128  |  126  | 8882  | +9.0781e+01 | 3.40e+03 | 6.23e-03 | 1.11e-15 | 1.00e+00 |  4.00e-03   |   4   |
|  129  |  127  | 8945  | +9.0477e+01 | 3.40e+03 | 6.38e-03 | 9.99e-16 | 1.00e+00 |  4.00e-03   |   4   |
|  130  |  128  | 8999  | +9.0329e+01 | 3.40e+03 | 6.46e-03 | 1.11e-15 | 1.00e+00 |  4.00e-03   |   4   |
|  131  |  129  | 9053  | +9.0208e+01 | 3.40e+03 | 6.50e-03 | 9.99e-16 | 1.00e+00 |  4.00e-03   |   4   |
|  132  |  130  | 9114  | +9.0165e+01 | 3.40e+03 | 6.44e-03 | 1.11e-15 | 1.00e+00 |  4.00e-03   |   4   |
|  133  |  131  | 9166  | +9.0044e+01 | 3.40e+03 | 6.38e-03 | 1.11e-15 | 1.00e+00 |  4.00e-03   |   4   |
|  134  |  132  | 9222  | +8.9858e+01 | 3.40e+03 | 6.26e-03 | 1.11e-15 | 1.00e+00 |  4.00e-03   |   4   |
|  135  |  133  | 9275  | +8.9757e+01 | 3.40e+03 | 6.22e-03 | 1.11e-15 | 1.00e+00 |  4.00e-03   |   4   |
|  136  |  134  | 9330  | +8.9653e+01 | 3.40e+03 | 6.17e-03 | 1.11e-15 | 1.00e+00 |  4.00e-03   |   4   |
|  137  |  135  | 9384  | +8.9636e+01 | 3.40e+03 | 6.11e-03 | 9.99e-16 | 1.00e+00 |  4.00e-03   |   4   |
|  138  |  136  | 9434  | +8.9540e+01 | 3.40e+03 | 6.00e-03 | 9.99e-16 | 1.00e+00 |  4.00e-03   |   4   |
|  139  |  137  | 9480  | +8.9488e+01 | 3.40e+03 | 5.90e-03 | 1.11e-15 | 1.00e+00 |  4.00e-03   |   4   |
|  140  |  138  | 9528  | +8.9434e+01 | 3.40e+03 | 5.75e-03 | 1.11e-15 | 1.00e+00 |  4.00e-03   |   4   |
|  141  |  139  | 9575  | +8.9420e+01 | 3.40e+03 | 5.64e-03 | 1.11e-15 | 1.00e+00 |  4.00e-03   |   4   |
|  142  |  140  | 9625  | +8.9339e+01 | 3.40e+03 | 5.53e-03 | 1.11e-15 | 1.00e+00 |  4.00e-03   |   4   |
|  143  |  141  | 9668  | +8.9255e+01 | 3.40e+03 | 5.38e-03 | 9.99e-16 | 1.00e+00 |  4.00e-03   |   4   |
|  144  |  142  | 9717  | +8.9152e+01 | 3.40e+03 | 5.16e-03 | 9.99e-16 | 1.00e+00 |  4.00e-03   |   4   |
|  145  |  143  | 9759  | +8.9073e+01 | 3.40e+03 | 4.98e-03 | 9.99e-16 | 1.00e+00 |  4.00e-03   |   4   |
|  146  |  144  | 9806  | +8.8981e+01 | 3.40e+03 | 4.89e-03 | 1.11e-15 | 1.00e+00 |  4.00e-03   |   4   |
|  147  |  145  | 9855  | +8.8926e+01 | 3.40e+03 | 4.80e-03 | 9.99e-16 | 1.00e+00 |  4.00e-03   |   4   |
|  148  |  146  | 9901  | +8.8863e+01 | 3.40e+03 | 4.67e-03 | 9.99e-16 | 1.00e+00 |  4.00e-03   |   4   |
|  149  |  147  | 9948  | +8.8793e+01 | 3.40e+03 | 4.52e-03 | 1.11e-15 | 1.00e+00 |  4.00e-03   |   4   |
|  150  |  148  | 9993  | +8.8725e+01 | 3.40e+03 | 4.34e-03 | 1.11e-15 | 1.00e+00 |  4.00e-03   |   4   |
|  151  |  149  | 10039 | +8.8672e+01 | 3.40e+03 | 4.23e-03 | 1.11e-15 | 1.00e+00 |  4.00e-03   |   4   |
|  152  |  150  | 10085 | +8.8613e+01 | 3.40e+03 | 4.20e-03 | 8.88e-16 | 1.00e+00 |  4.00e-03   |   4   |
|  153  |  151  | 10128 | +8.8554e+01 | 3.40e+03 | 4.16e-03 | 7.77e-16 | 1.00e+00 |  4.00e-03   |   4   |
|  154  |  152  | 10170 | +8.8499e+01 | 3.40e+03 | 4.10e-03 | 9.99e-16 | 1.00e+00 |  4.00e-03   |   4   |
|  155  |  153  | 10212 | +8.8453e+01 | 3.40e+03 | 4.03e-03 | 8.88e-16 | 1.00e+00 |  4.00e-03   |   4   |
|  156  |  154  | 10251 | +8.8415e+01 | 3.40e+03 | 3.96e-03 | 9.99e-16 | 1.00e+00 |  4.00e-03   |   4   |
|  157  |  155  | 10291 | +8.8373e+01 | 3.40e+03 | 4.01e-03 | 9.99e-16 | 1.00e+00 |  4.00e-03   |   4   |
|  158  |  156  | 10332 | +8.8329e+01 | 3.40e+03 | 4.03e-03 | 9.99e-16 | 1.00e+00 |  4.00e-03   |   4   |
|  159  |  157  | 10374 | +8.8287e+01 | 3.40e+03 | 4.04e-03 | 8.88e-16 | 1.00e+00 |  4.00e-03   |   4   |
|  160  |  158  | 10411 | +8.8239e+01 | 3.40e+03 | 4.03e-03 | 8.88e-16 | 1.00e+00 |  4.00e-03   |   4   |
|  161  |  159  | 10453 | +8.8182e+01 | 3.40e+03 | 3.98e-03 | 8.88e-16 | 1.00e+00 |  4.00e-03   |   4   |
|  162  |  160  | 10494 | +8.8134e+01 | 3.40e+03 | 3.93e-03 | 1.11e-15 | 1.00e+00 |  4.00e-03   |   4   |
|  163  |  161  | 10537 | +8.8091e+01 | 3.40e+03 | 3.85e-03 | 9.99e-16 | 1.00e+00 |  4.00e-03   |   4   |
|  164  |  162  | 10582 | +8.8046e+01 | 3.40e+03 | 3.76e-03 | 9.99e-16 | 1.00e+00 |  4.00e-03   |   4   |
|  165  |  163  | 10625 | +8.8005e+01 | 3.40e+03 | 3.73e-03 | 1.11e-15 | 1.00e+00 |  4.00e-03   |   4   |
|  166  |  164  | 10671 | +8.7958e+01 | 3.40e+03 | 3.68e-03 | 9.99e-16 | 1.00e+00 |  4.00e-03   |   4   |
|  167  |  165  | 10713 | +8.7917e+01 | 3.40e+03 | 3.61e-03 | 9.99e-16 | 1.00e+00 |  4.00e-03   |   4   |
|  168  |  166  | 10757 | +8.7877e+01 | 3.40e+03 | 3.54e-03 | 1.11e-15 | 1.00e+00 |  4.00e-03   |   4   |
|  169  |  167  | 10797 | +8.7828e+01 | 3.40e+03 | 3.52e-03 | 9.99e-16 | 1.00e+00 |  4.00e-03   |   4   |
|  170  |  168  | 10841 | +8.7780e+01 | 3.40e+03 | 3.49e-03 | 7.77e-16 | 1.00e+00 |  4.00e-03   |   4   |
|  171  |  169  | 10881 | +8.7733e+01 | 3.40e+03 | 3.50e-03 | 8.88e-16 | 1.00e+00 |  4.00e-03   |   4   |
|  172  |  170  | 10926 | +8.7696e+01 | 3.40e+03 | 3.46e-03 | 9.99e-16 | 1.00e+00 |  4.00e-03   |   4   |
|  173  |  171  | 10963 | +8.7659e+01 | 3.40e+03 | 3.44e-03 | 9.99e-16 | 1.00e+00 |  4.00e-03   |   4   |
|  174  |  172  | 11011 | +8.7634e+01 | 3.40e+03 | 3.36e-03 | 8.88e-16 | 1.00e+00 |  4.00e-03   |   4   |
|  175  |  173  | 11050 | +8.7596e+01 | 3.40e+03 | 3.32e-03 | 8.88e-16 | 1.00e+00 |  4.00e-03   |   4   |
|  176  |  174  | 11095 | +8.7574e+01 | 3.40e+03 | 3.23e-03 | 8.88e-16 | 1.00e+00 |  4.00e-03   |   4   |
|  177  |  175  | 11133 | +8.7537e+01 | 3.40e+03 | 3.17e-03 | 8.88e-16 | 1.00e+00 |  4.00e-03   |   4   |
|  178  |  176  | 11181 | +8.7494e+01 | 3.40e+03 | 3.04e-03 | 8.88e-16 | 1.00e+00 |  4.00e-03   |   4   |
|  179  |  177  | 11218 | +8.7457e+01 | 3.40e+03 | 2.97e-03 | 8.88e-16 | 1.00e+00 |  4.00e-03   |   4   |
|  180  |  178  | 11269 | +8.7426e+01 | 3.40e+03 | 2.89e-03 | 7.77e-16 | 1.00e+00 |  4.00e-03   |   4   |
|  181  |  179  | 11300 | +8.7391e+01 | 3.40e+03 | 2.87e-03 | 8.88e-16 | 1.00e+00 |  4.00e-03   |   4   |
|  182  |  180  | 11352 | +8.7360e+01 | 3.40e+03 | 2.77e-03 | 1.11e-15 | 1.00e+00 |  4.00e-03   |   4   |
|  183  |  181  | 11384 | +8.7328e+01 | 3.40e+03 | 2.71e-03 | 6.66e-16 | 1.00e+00 |  4.00e-03   |   4   |
|  184  |  182  | 11429 | +8.7307e+01 | 3.40e+03 | 2.58e-03 | 7.77e-16 | 1.00e+00 |  4.00e-03   |   4   |
|  185  |  183  | 11471 | +8.7279e+01 | 3.40e+03 | 2.51e-03 | 8.88e-16 | 1.00e+00 |  4.00e-03   |   4   |
|  186  |  184  | 11515 | +8.7256e+01 | 3.40e+03 | 2.51e-03 | 9.99e-16 | 1.00e+00 |  4.00e-03   |   4   |
|  187  |  185  | 11561 | +8.7233e+01 | 3.40e+03 | 2.50e-03 | 9.99e-16 | 1.00e+00 |  4.00e-03   |   4   |
|  188  |  186  | 11597 | +8.7208e+01 | 3.40e+03 | 2.48e-03 | 9.99e-16 | 1.00e+00 |  4.00e-03   |   4   |
|  189  |  187  | 11644 | +8.7197e+01 | 3.40e+03 | 2.39e-03 | 7.77e-16 | 1.00e+00 |  4.00e-03   |   4   |
|  190  |  188  | 11679 | +8.7183e+01 | 3.40e+03 | 2.32e-03 | 8.88e-16 | 1.00e+00 |  4.00e-03   |   4   |
|  191  |  189  | 11717 | +8.7174e+01 | 3.40e+03 | 2.21e-03 | 7.77e-16 | 1.00e+00 |  4.00e-03   |   4   |
|  192  |  190  | 11756 | +8.7160e+01 | 3.40e+03 | 2.11e-03 | 9.99e-16 | 1.00e+00 |  4.00e-03   |   4   |
|  193  |  191  | 11799 | +8.7147e+01 | 3.40e+03 | 2.03e-03 | 8.88e-16 | 1.00e+00 |  4.00e-03   |   4   |
|  194  |  192  | 11831 | +8.7132e+01 | 3.40e+03 | 1.96e-03 | 7.77e-16 | 1.00e+00 |  4.00e-03   |   4   |
|  195  |  194  | 11878 | +8.7132e+01 | 3.40e+02 | 1.96e-03 | 7.77e-16 | 1.00e+00 |  4.00e-03   |   4   |
|  196  |  195  | 11936 | +8.7118e+01 | 3.40e+02 | 1.95e-03 | 7.77e-16 | 1.00e+00 |  4.00e-03   |   4   |
|  197  |  196  | 11970 | +8.7095e+01 | 3.40e+02 | 1.94e-03 | 7.77e-16 | 1.00e+00 |  4.00e-03   |   4   |
|  198  |  197  | 12008 | +8.7097e+01 | 3.40e+02 | 1.95e-03 | 1.11e-15 | 1.00e+00 |  4.00e-03   |   4   |
|  199  |  198  | 12047 | +8.7094e+01 | 3.40e+02 | 1.96e-03 | 9.99e-16 | 1.00e+00 |  4.00e-03   |   4   |
|  200  |  199  | 12087 | +8.7090e+01 | 3.40e+02 | 1.95e-03 | 8.88e-16 | 1.00e+00 |  4.00e-03   |   4   |
|  201  |  200  | 12128 | +8.7083e+01 | 3.40e+02 | 1.94e-03 | 7.77e-16 | 1.00e+00 |  4.00e-03   |   4   |
|  202  |  201  | 12176 | +8.7076e+01 | 3.40e+02 | 1.93e-03 | 8.88e-16 | 1.00e+00 |  4.00e-03   |   4   |
|  203  |  202  | 12211 | +8.7066e+01 | 3.40e+02 | 1.97e-03 | 8.88e-16 | 1.00e+00 |  4.00e-03   |   4   |
|  204  |  204  | 12260 | +8.7066e+01 | 3.40e+01 | 1.97e-03 | 8.88e-16 | 1.00e+00 |  4.00e-03   |   4   |
|  205  |  206  | 12319 | +8.7066e+01 | 3.40e+00 | 1.97e-03 | 8.88e-16 | 1.00e+00 |  4.00e-03   |   4   |
|  206  |  208  | 12377 | +8.7066e+01 | 3.40e-01 | 1.97e-03 | 8.88e-16 | 1.00e+00 |  4.00e-03   |   4   |
|  207  |  210  | 12393 | +8.7066e+01 | 9.56e-02 | 1.97e-03 | 8.88e-16 | 1.00e+00 |  4.00e-03   |   2   |
|  208  |  212  | 12400 | +8.7066e+01 | 4.78e-02 | 1.97e-03 | 8.88e-16 | 1.00e+00 |  4.00e-03   |   2   |
|  209  |  214  | 12405 | +8.7066e+01 | 2.39e-02 | 1.97e-03 | 8.88e-16 | 1.00e+00 |  4.00e-03   |   2   |
|  210  |  216  | 12410 | +8.7066e+01 | 1.20e-02 | 1.97e-03 | 8.88e-16 | 1.00e+00 |  4.00e-03   |   2   |
|  211  |  217  | 12414 | +8.7066e+01 | 1.20e-02 | 1.96e-03 | 7.77e-16 | 1.00e+00 |  4.00e-03   |   2   |
|  212  |  218  | 12417 | +8.7066e+01 | 1.20e-02 | 1.94e-03 | 9.99e-16 | 1.00e+00 |  4.00e-03   |   2   |
|  213  |  219  | 12418 | +8.7066e+01 | 2.39e-02 | 1.93e-03 | 9.99e-16 | 1.00e+00 |  4.00e-03   |   2   |
|  214  |  220  | 12419 | +8.7066e+01 | 2.39e-02 | 1.90e-03 | 9.99e-16 | 1.00e+00 |  4.00e-03   |   2   |
|  215  |  221  | 12420 | +8.7066e+01 | 2.39e-02 | 1.87e-03 | 9.99e-16 | 1.00e+00 |  4.00e-03   |   2   |
|  216  |  222  | 12421 | +8.7065e+01 | 2.39e-02 | 1.84e-03 | 7.77e-16 | 1.00e+00 |  4.00e-03   |   2   |
|  217  |  223  | 12422 | +8.7065e+01 | 2.39e-02 | 1.81e-03 | 8.88e-16 | 1.00e+00 |  4.00e-03   |   2   |
|  218  |  224  | 12423 | +8.7065e+01 | 2.39e-02 | 1.77e-03 | 8.88e-16 | 1.00e+00 |  4.00e-03   |   2   |
|  219  |  225  | 12424 | +8.7065e+01 | 2.39e-02 | 1.74e-03 | 8.88e-16 | 1.00e+00 |  4.00e-03   |   2   |
|  220  |  226  | 12425 | +8.7065e+01 | 2.39e-02 | 1.71e-03 | 9.99e-16 | 1.00e+00 |  4.00e-03   |   2   |
|  221  |  227  | 12426 | +8.7065e+01 | 2.39e-02 | 1.69e-03 | 8.88e-16 | 1.00e+00 |  4.00e-03   |   2   |
|  222  |  228  | 12427 | +8.7065e+01 | 2.39e-02 | 1.66e-03 | 6.66e-16 | 1.00e+00 |  4.00e-03   |   2   |
|  223  |  229  | 12428 | +8.7065e+01 | 2.39e-02 | 1.63e-03 | 7.77e-16 | 1.00e+00 |  4.00e-03   |   2   |
|  224  |  230  | 12429 | +8.7065e+01 | 2.39e-02 | 1.60e-03 | 9.99e-16 | 1.00e+00 |  4.00e-03   |   2   |
|  225  |  231  | 12430 | +8.7065e+01 | 2.39e-02 | 1.57e-03 | 7.77e-16 | 1.00e+00 |  4.00e-03   |   2   |
|  226  |  232  | 12431 | +8.7065e+01 | 2.39e-02 | 1.54e-03 | 8.88e-16 | 1.00e+00 |  4.00e-03   |   2   |
|  227  |  233  | 12432 | +8.7064e+01 | 2.39e-02 | 1.52e-03 | 9.99e-16 | 1.00e+00 |  4.00e-03   |   2   |
|  228  |  234  | 12433 | +8.7064e+01 | 2.39e-02 | 1.49e-03 | 8.88e-16 | 1.00e+00 |  4.00e-03   |   2   |
|  229  |  235  | 12434 | +8.7064e+01 | 2.39e-02 | 1.46e-03 | 9.99e-16 | 1.00e+00 |  4.00e-03   |   2   |
|  230  |  236  | 12435 | +8.7064e+01 | 2.39e-02 | 1.44e-03 | 7.77e-16 | 1.00e+00 |  4.00e-03   |   2   |
|  231  |  237  | 12436 | +8.7064e+01 | 4.78e-02 | 1.41e-03 | 9.99e-16 | 1.00e+00 |  4.00e-03   |   2   |
|  232  |  238  | 12437 | +8.7064e+01 | 9.56e-02 | 1.36e-03 | 7.77e-16 | 1.00e+00 |  4.00e-03   |   2   |
|  233  |  239  | 12438 | +8.7063e+01 | 1.91e-01 | 1.26e-03 | 8.88e-16 | 1.00e+00 |  4.00e-03   |   2   |
|  234  |  239  | 12438 | +8.7063e+01 | 1.00e+00 | 1.30e-03 | 8.88e-16 | 1.00e+00 |  8.00e-04   |   0   |
|  235  |  240  | 12443 | +8.6806e+01 | 7.00e+00 | 1.14e-03 | 9.99e-16 | 1.00e+00 |  8.00e-04   |   2   |
|  236  |  241  | 12450 | +8.4994e+01 | 4.90e+01 | 1.78e-03 | 8.88e-16 | 1.00e+00 |  8.00e-04   |   2   |
|  237  |  242  | 12562 | +8.3032e+01 | 1.01e+02 | 2.15e-03 | 6.66e-16 | 1.00e+00 |  8.00e-04   |   4   |
|  238  |  243  | 12719 | +8.2403e+01 | 1.01e+02 | 2.33e-03 | 6.66e-16 | 1.00e+00 |  8.00e-04   |   4   |
|  239  |  244  | 12841 | +8.2244e+01 | 1.01e+02 | 2.29e-03 | 6.66e-16 | 1.00e+00 |  8.00e-04   |   4   |
|  240  |  245  | 12980 | +8.2176e+01 | 1.01e+02 | 2.21e-03 | 5.55e-16 | 1.00e+00 |  8.00e-04   |   4   |
|  241  |  247  | 13083 | +8.2176e+01 | 1.01e+01 | 2.21e-03 | 5.55e-16 | 1.00e+00 |  8.00e-04   |   4   |
|  242  |  249  | 13200 | +8.2176e+01 | 2.25e+00 | 2.21e-03 | 5.55e-16 | 1.00e+00 |  8.00e-04   |   4   |
|  243  |  251  | 13258 | +8.2176e+01 | 5.78e-01 | 2.21e-03 | 5.55e-16 | 1.00e+00 |  8.00e-04   |   2   |
|  244  |  253  | 13277 | +8.2176e+01 | 9.33e-02 | 2.21e-03 | 5.55e-16 | 1.00e+00 |  8.00e-04   |   2   |
|  245  |  255  | 13285 | +8.2176e+01 | 2.85e-02 | 2.21e-03 | 5.55e-16 | 1.00e+00 |  8.00e-04   |   2   |
|  246  |  257  | 13290 | +8.2176e+01 | 1.42e-02 | 2.21e-03 | 5.55e-16 | 1.00e+00 |  8.00e-04   |   2   |
|  247  |  259  | 13294 | +8.2176e+01 | 7.12e-03 | 2.21e-03 | 5.55e-16 | 1.00e+00 |  8.00e-04   |   2   |
|  248  |  260  | 13295 | +8.2176e+01 | 7.12e-03 | 2.20e-03 | 6.66e-16 | 1.00e+00 |  8.00e-04   |   2   |
|  249  |  261  | 13296 | +8.2176e+01 | 7.12e-03 | 2.19e-03 | 6.66e-16 | 1.00e+00 |  8.00e-04   |   2   |
|  250  |  262  | 13297 | +8.2176e+01 | 7.12e-03 | 2.18e-03 | 5.55e-16 | 1.00e+00 |  8.00e-04   |   2   |
|  251  |  263  | 13298 | +8.2176e+01 | 7.12e-03 | 2.16e-03 | 6.66e-16 | 1.00e+00 |  8.00e-04   |   2   |
|  252  |  264  | 13299 | +8.2176e+01 | 7.12e-03 | 2.15e-03 | 5.55e-16 | 1.00e+00 |  8.00e-04   |   2   |
|  253  |  265  | 13300 | +8.2176e+01 | 7.12e-03 | 2.14e-03 | 6.66e-16 | 1.00e+00 |  8.00e-04   |   2   |
|  254  |  266  | 13301 | +8.2176e+01 | 7.12e-03 | 2.13e-03 | 5.55e-16 | 1.00e+00 |  8.00e-04   |   2   |
|  255  |  267  | 13302 | +8.2176e+01 | 7.12e-03 | 2.12e-03 | 6.66e-16 | 1.00e+00 |  8.00e-04   |   2   |
|  256  |  268  | 13303 | +8.2176e+01 | 7.12e-03 | 2.11e-03 | 6.66e-16 | 1.00e+00 |  8.00e-04   |   2   |
|  257  |  269  | 13304 | +8.2176e+01 | 7.12e-03 | 2.09e-03 | 6.66e-16 | 1.00e+00 |  8.00e-04   |   2   |
|  258  |  270  | 13305 | +8.2176e+01 | 7.12e-03 | 2.08e-03 | 6.66e-16 | 1.00e+00 |  8.00e-04   |   2   |
|  259  |  271  | 13306 | +8.2176e+01 | 7.12e-03 | 2.07e-03 | 5.55e-16 | 1.00e+00 |  8.00e-04   |   2   |
|  260  |  272  | 13307 | +8.2176e+01 | 7.12e-03 | 2.06e-03 | 6.66e-16 | 1.00e+00 |  8.00e-04   |   2   |
|  261  |  273  | 13308 | +8.2176e+01 | 7.12e-03 | 2.05e-03 | 6.66e-16 | 1.00e+00 |  8.00e-04   |   2   |
|  262  |  274  | 13309 | +8.2176e+01 | 7.12e-03 | 2.04e-03 | 5.55e-16 | 1.00e+00 |  8.00e-04   |   2   |
|  263  |  275  | 13310 | +8.2176e+01 | 7.12e-03 | 2.02e-03 | 5.55e-16 | 1.00e+00 |  8.00e-04   |   2   |
|  264  |  276  | 13311 | +8.2176e+01 | 7.12e-03 | 2.01e-03 | 6.66e-16 | 1.00e+00 |  8.00e-04   |   2   |
|  265  |  277  | 13312 | +8.2176e+01 | 7.12e-03 | 2.00e-03 | 5.55e-16 | 1.00e+00 |  8.00e-04   |   2   |
|  266  |  278  | 13313 | +8.2176e+01 | 7.12e-03 | 1.99e-03 | 5.55e-16 | 1.00e+00 |  8.00e-04   |   2   |
|  267  |  279  | 13314 | +8.2176e+01 | 7.12e-03 | 1.98e-03 | 5.55e-16 | 1.00e+00 |  8.00e-04   |   2   |
|  268  |  280  | 13315 | +8.2176e+01 | 7.12e-03 | 1.97e-03 | 6.66e-16 | 1.00e+00 |  8.00e-04   |   2   |
|  269  |  281  | 13316 | +8.2176e+01 | 7.12e-03 | 1.96e-03 | 6.66e-16 | 1.00e+00 |  8.00e-04   |   2   |
|  270  |  282  | 13317 | +8.2176e+01 | 7.12e-03 | 1.95e-03 | 5.55e-16 | 1.00e+00 |  8.00e-04   |   2   |
|  271  |  283  | 13318 | +8.2176e+01 | 7.12e-03 | 1.94e-03 | 5.55e-16 | 1.00e+00 |  8.00e-04   |   2   |
|  272  |  284  | 13319 | +8.2176e+01 | 7.12e-03 | 1.92e-03 | 6.66e-16 | 1.00e+00 |  8.00e-04   |   2   |
|  273  |  285  | 13320 | +8.2176e+01 | 7.12e-03 | 1.91e-03 | 5.55e-16 | 1.00e+00 |  8.00e-04   |   2   |
|  274  |  286  | 13321 | +8.2176e+01 | 7.12e-03 | 1.90e-03 | 6.66e-16 | 1.00e+00 |  8.00e-04   |   2   |
|  275  |  287  | 13322 | +8.2176e+01 | 7.12e-03 | 1.89e-03 | 5.55e-16 | 1.00e+00 |  8.00e-04   |   2   |
|  276  |  288  | 13323 | +8.2176e+01 | 7.12e-03 | 1.88e-03 | 6.66e-16 | 1.00e+00 |  8.00e-04   |   2   |
|  277  |  289  | 13324 | +8.2176e+01 | 7.12e-03 | 1.87e-03 | 6.66e-16 | 1.00e+00 |  8.00e-04   |   2   |
|  278  |  290  | 13325 | +8.2175e+01 | 7.12e-03 | 1.86e-03 | 5.55e-16 | 1.00e+00 |  8.00e-04   |   2   |
|  279  |  291  | 13326 | +8.2175e+01 | 7.12e-03 | 1.85e-03 | 5.55e-16 | 1.00e+00 |  8.00e-04   |   2   |
|  280  |  292  | 13327 | +8.2175e+01 | 7.12e-03 | 1.84e-03 | 6.66e-16 | 1.00e+00 |  8.00e-04   |   2   |
|  281  |  293  | 13328 | +8.2175e+01 | 7.12e-03 | 1.83e-03 | 5.55e-16 | 1.00e+00 |  8.00e-04   |   2   |
|  282  |  294  | 13329 | +8.2175e+01 | 7.12e-03 | 1.82e-03 | 6.66e-16 | 1.00e+00 |  8.00e-04   |   2   |
|  283  |  295  | 13330 | +8.2175e+01 | 7.12e-03 | 1.81e-03 | 5.55e-16 | 1.00e+00 |  8.00e-04   |   2   |
|  284  |  296  | 13331 | +8.2175e+01 | 7.12e-03 | 1.79e-03 | 5.55e-16 | 1.00e+00 |  8.00e-04   |   2   |
|  285  |  297  | 13332 | +8.2175e+01 | 7.12e-03 | 1.78e-03 | 6.66e-16 | 1.00e+00 |  8.00e-04   |   2   |
|  286  |  298  | 13333 | +8.2175e+01 | 7.12e-03 | 1.77e-03 | 6.66e-16 | 1.00e+00 |  8.00e-04   |   2   |
|  287  |  299  | 13334 | +8.2175e+01 | 7.12e-03 | 1.76e-03 | 6.66e-16 | 1.00e+00 |  8.00e-04   |   2   |
|  288  |  300  | 13335 | +8.2175e+01 | 7.12e-03 | 1.75e-03 | 6.66e-16 | 1.00e+00 |  8.00e-04   |   2   |
|  289  |  301  | 13336 | +8.2175e+01 | 7.12e-03 | 1.74e-03 | 5.55e-16 | 1.00e+00 |  8.00e-04   |   2   |
|  290  |  302  | 13337 | +8.2175e+01 | 7.12e-03 | 1.73e-03 | 6.66e-16 | 1.00e+00 |  8.00e-04   |   2   |
|  291  |  303  | 13338 | +8.2175e+01 | 7.12e-03 | 1.72e-03 | 7.77e-16 | 1.00e+00 |  8.00e-04   |   2   |
|  292  |  304  | 13339 | +8.2175e+01 | 7.12e-03 | 1.71e-03 | 5.55e-16 | 1.00e+00 |  8.00e-04   |   2   |
|  293  |  305  | 13340 | +8.2175e+01 | 7.12e-03 | 1.70e-03 | 5.55e-16 | 1.00e+00 |  8.00e-04   |   2   |
|  294  |  306  | 13341 | +8.2175e+01 | 7.12e-03 | 1.69e-03 | 5.55e-16 | 1.00e+00 |  8.00e-04   |   2   |
|  295  |  307  | 13342 | +8.2175e+01 | 7.12e-03 | 1.68e-03 | 6.66e-16 | 1.00e+00 |  8.00e-04   |   2   |
|  296  |  308  | 13343 | +8.2174e+01 | 7.12e-03 | 1.67e-03 | 6.66e-16 | 1.00e+00 |  8.00e-04   |   2   |
|  297  |  309  | 13344 | +8.2174e+01 | 7.12e-03 | 1.66e-03 | 6.66e-16 | 1.00e+00 |  8.00e-04   |   2   |
|  298  |  310  | 13345 | +8.2174e+01 | 7.12e-03 | 1.65e-03 | 6.66e-16 | 1.00e+00 |  8.00e-04   |   2   |
|  299  |  311  | 13346 | +8.2174e+01 | 7.12e-03 | 1.64e-03 | 5.55e-16 | 1.00e+00 |  8.00e-04   |   2   |
|  300  |  312  | 13347 | +8.2174e+01 | 7.12e-03 | 1.63e-03 | 5.55e-16 | 1.00e+00 |  8.00e-04   |   2   |
|  301  |  313  | 13348 | +8.2174e+01 | 7.12e-03 | 1.62e-03 | 6.66e-16 | 1.00e+00 |  8.00e-04   |   2   |
|  302  |  314  | 13349 | +8.2174e+01 | 7.12e-03 | 1.61e-03 | 6.66e-16 | 1.00e+00 |  8.00e-04   |   2   |
|  303  |  315  | 13350 | +8.2174e+01 | 7.12e-03 | 1.60e-03 | 6.66e-16 | 1.00e+00 |  8.00e-04   |   2   |
|  304  |  316  | 13351 | +8.2174e+01 | 7.12e-03 | 1.59e-03 | 5.55e-16 | 1.00e+00 |  8.00e-04   |   2   |
|  305  |  317  | 13352 | +8.2174e+01 | 7.12e-03 | 1.58e-03 | 5.55e-16 | 1.00e+00 |  8.00e-04   |   2   |
|  306  |  318  | 13353 | +8.2174e+01 | 7.12e-03 | 1.57e-03 | 6.66e-16 | 1.00e+00 |  8.00e-04   |   2   |
|  307  |  319  | 13354 | +8.2174e+01 | 7.12e-03 | 1.56e-03 | 5.55e-16 | 1.00e+00 |  8.00e-04   |   2   |
|  308  |  320  | 13355 | +8.2174e+01 | 7.12e-03 | 1.55e-03 | 6.66e-16 | 1.00e+00 |  8.00e-04   |   2   |
|  309  |  321  | 13356 | +8.2174e+01 | 7.12e-03 | 1.54e-03 | 5.55e-16 | 1.00e+00 |  8.00e-04   |   2   |
|  310  |  322  | 13357 | +8.2173e+01 | 7.12e-03 | 1.53e-03 | 4.44e-16 | 1.00e+00 |  8.00e-04   |   2   |
|  311  |  323  | 13358 | +8.2173e+01 | 7.12e-03 | 1.52e-03 | 5.55e-16 | 1.00e+00 |  8.00e-04   |   2   |
|  312  |  324  | 13359 | +8.2173e+01 | 7.12e-03 | 1.51e-03 | 6.66e-16 | 1.00e+00 |  8.00e-04   |   2   |
|  313  |  325  | 13360 | +8.2173e+01 | 7.12e-03 | 1.50e-03 | 6.66e-16 | 1.00e+00 |  8.00e-04   |   2   |
|  314  |  326  | 13361 | +8.2173e+01 | 7.12e-03 | 1.50e-03 | 5.55e-16 | 1.00e+00 |  8.00e-04   |   2   |
|  315  |  327  | 13362 | +8.2173e+01 | 7.12e-03 | 1.49e-03 | 5.55e-16 | 1.00e+00 |  8.00e-04   |   2   |
|  316  |  328  | 13363 | +8.2173e+01 | 7.12e-03 | 1.48e-03 | 6.66e-16 | 1.00e+00 |  8.00e-04   |   2   |
|  317  |  329  | 13364 | +8.2173e+01 | 7.12e-03 | 1.47e-03 | 6.66e-16 | 1.00e+00 |  8.00e-04   |   2   |
|  318  |  330  | 13365 | +8.2173e+01 | 7.12e-03 | 1.46e-03 | 6.66e-16 | 1.00e+00 |  8.00e-04   |   2   |
|  319  |  331  | 13366 | +8.2173e+01 | 7.12e-03 | 1.45e-03 | 6.66e-16 | 1.00e+00 |  8.00e-04   |   2   |
|  320  |  332  | 13367 | +8.2173e+01 | 7.12e-03 | 1.44e-03 | 6.66e-16 | 1.00e+00 |  8.00e-04   |   2   |
|  321  |  333  | 13368 | +8.2172e+01 | 7.12e-03 | 1.43e-03 | 6.66e-16 | 1.00e+00 |  8.00e-04   |   2   |
|  322  |  334  | 13369 | +8.2172e+01 | 7.12e-03 | 1.42e-03 | 5.55e-16 | 1.00e+00 |  8.00e-04   |   2   |
|  323  |  335  | 13370 | +8.2172e+01 | 7.12e-03 | 1.41e-03 | 5.55e-16 | 1.00e+00 |  8.00e-04   |   2   |
|  324  |  336  | 13371 | +8.2172e+01 | 7.12e-03 | 1.40e-03 | 5.55e-16 | 1.00e+00 |  8.00e-04   |   2   |
|  325  |  337  | 13372 | +8.2172e+01 | 7.12e-03 | 1.39e-03 | 6.66e-16 | 1.00e+00 |  8.00e-04   |   2   |
|  326  |  338  | 13373 | +8.2172e+01 | 7.12e-03 | 1.39e-03 | 5.55e-16 | 1.00e+00 |  8.00e-04   |   2   |
|  327  |  339  | 13374 | +8.2172e+01 | 7.12e-03 | 1.38e-03 | 5.55e-16 | 1.00e+00 |  8.00e-04   |   2   |
|  328  |  340  | 13375 | +8.2172e+01 | 1.42e-02 | 1.37e-03 | 5.55e-16 | 1.00e+00 |  8.00e-04   |   2   |
|  329  |  341  | 13376 | +8.2172e+01 | 2.85e-02 | 1.35e-03 | 5.55e-16 | 1.00e+00 |  8.00e-04   |   2   |
|  330  |  342  | 13377 | +8.2171e+01 | 5.69e-02 | 1.32e-03 | 5.55e-16 | 1.00e+00 |  8.00e-04   |   2   |
|  331  |  343  | 13378 | +8.2170e+01 | 1.14e-01 | 1.25e-03 | 5.55e-16 | 1.00e+00 |  8.00e-04   |   2   |
|  332  |  344  | 13379 | +8.2168e+01 | 2.28e-01 | 1.12e-03 | 5.55e-16 | 1.00e+00 |  8.00e-04   |   2   |
|  333  |  345  | 13380 | +8.2163e+01 | 4.56e-01 | 9.03e-04 | 6.66e-16 | 1.00e+00 |  8.00e-04   |   2   |
`gtol` termination condition is satisfied.
Number of iterations: 333, function evaluations: 345, CG iterations: 13380, optimality: 9.03e-04, constraint violation: 6.66e-16, execution time: 5.7e+03 s.
